0 1 000001 
1 0 001000 
0 2 000001 001002 
2 0 002001 001000 
0 3 000001 001002 002003 
3 0 003002 002001 001000 
0 4 000001 001002 002003 003004 
4 0 004003 003002 002001 001000 
0 5 000001 001002 002003 003004 004005 
5 0 005004 004003 003002 002001 001000 
0 6 000010 010009 009008 008007 007006 
6 0 006007 007008 008009 009010 010000 
0 7 000010 010009 009008 008007 
7 0 007008 008009 009010 010000 
0 8 000010 010009 009008 
8 0 008009 009010 010000 
0 9 000010 010009 
9 0 009010 010000 
0 10 000010 
10 0 010000 
0 11 000010 010021 021011 
11 0 011021 021010 010000 
0 12 000001 001002 002013 013012 
12 0 012013 013002 002001 001000 
0 13 000001 001002 002013 
13 0 013002 002001 001000 
0 14 000001 001002 002013 013014 
14 0 014013 013002 002001 001000 
0 15 000001 001002 002013 013014 014015 
15 0 015014 014013 013002 002001 001000 
0 16 000001 001002 002003 003004 004005 005016 
16 0 016005 005004 004003 003002 002001 001000 
0 17 000010 010021 021020 020019 019018 018017 
17 0 017018 018019 019020 020021 021010 010000 
0 18 000010 010021 021020 020019 019018 
18 0 018019 019020 020021 021010 010000 
0 19 000010 010021 021020 020019 
19 0 019020 020021 021010 010000 
0 20 000010 010021 021020 
20 0 020021 021010 010000 
0 21 000010 010021 
21 0 021010 010000 
0 22 000010 010021 021032 032022 
22 0 022032 032021 021010 010000 
0 23 000001 001002 002013 013024 024023 
23 0 023024 024013 013002 002001 001000 
0 24 000001 001002 002013 013024 
24 0 024013 013002 002001 001000 
0 25 000001 001002 002013 013024 024025 
25 0 025024 024013 013002 002001 001000 
0 26 000001 001002 002013 013024 024025 025026 
26 0 026025 025024 024013 013002 002001 001000 
0 27 000001 001002 002003 003004 004005 005016 016027 
27 0 027016 016005 005004 004003 003002 002001 001000 
0 28 000010 010021 021032 032031 031030 030029 029028 
28 0 028029 029030 030031 031032 032021 021010 010000 
0 29 000010 010021 021032 032031 031030 030029 
29 0 029030 030031 031032 032021 021010 010000 
0 30 000010 010021 021032 032031 031030 
30 0 030031 031032 032021 021010 010000 
0 31 000010 010021 021032 032031 
31 0 031032 032021 021010 010000 
0 32 000010 010021 021032 
32 0 032021 021010 010000 
0 33 000010 010021 021032 032043 043033 
33 0 033043 043032 032021 021010 010000 
0 34 000001 001002 002013 013024 024035 035034 
34 0 034035 035024 024013 013002 002001 001000 
0 35 000001 001002 002013 013024 024035 
35 0 035024 024013 013002 002001 001000 
0 36 000001 001002 002013 013024 024035 035036 
36 0 036035 035024 024013 013002 002001 001000 
0 37 000001 001002 002013 013024 024035 035036 036037 
37 0 037036 036035 035024 024013 013002 002001 001000 
0 38 000001 001002 002003 003004 004005 005016 016027 027038 
38 0 038027 027016 016005 005004 004003 003002 002001 001000 
0 39 000010 010021 021032 032043 043042 042041 041040 040039 
39 0 039040 040041 041042 042043 043032 032021 021010 010000 
0 40 000010 010021 021032 032043 043042 042041 041040 
40 0 040041 041042 042043 043032 032021 021010 010000 
0 41 000010 010021 021032 032043 043042 042041 
41 0 041042 042043 043032 032021 021010 010000 
0 42 000010 010021 021032 032043 043042 
42 0 042043 043032 032021 021010 010000 
0 43 000010 010021 021032 032043 
43 0 043032 032021 021010 010000 
0 44 000010 010021 021032 032043 043054 054044 
44 0 044054 054043 043032 032021 021010 010000 
0 45 000001 001002 002013 013024 024035 035046 046045 
45 0 045046 046035 035024 024013 013002 002001 001000 
0 46 000001 001002 002013 013024 024035 035046 
46 0 046035 035024 024013 013002 002001 001000 
0 47 000001 001002 002013 013024 024035 035046 046047 
47 0 047046 046035 035024 024013 013002 002001 001000 
0 48 000001 001002 002013 013024 024035 035046 046047 047048 
48 0 048047 047046 046035 035024 024013 013002 002001 001000 
0 49 000001 001002 002003 003004 004005 005016 016027 027038 038049 
49 0 049038 038027 027016 016005 005004 004003 003002 002001 001000 
0 50 000010 010021 021032 032043 043054 054053 053052 052051 051050 
50 0 050051 051052 052053 053054 054043 043032 032021 021010 010000 
0 51 000010 010021 021032 032043 043054 054053 053052 052051 
51 0 051052 052053 053054 054043 043032 032021 021010 010000 
0 52 000010 010021 021032 032043 043054 054053 053052 
52 0 052053 053054 054043 043032 032021 021010 010000 
0 53 000010 010021 021032 032043 043054 054053 
53 0 053054 054043 043032 032021 021010 010000 
0 54 000010 010021 021032 032043 043054 
54 0 054043 043032 032021 021010 010000 
0 55 000010 010021 021032 032043 043054 054065 065055 
55 0 055065 065054 054043 043032 032021 021010 010000 
0 56 000001 001002 002013 013024 024035 035046 046057 057056 
56 0 056057 057046 046035 035024 024013 013002 002001 001000 
0 57 000001 001002 002013 013024 024035 035046 046057 
57 0 057046 046035 035024 024013 013002 002001 001000 
0 58 000001 001002 002013 013024 024035 035046 046057 057058 
58 0 058057 057046 046035 035024 024013 013002 002001 001000 
0 59 000001 001002 002013 013024 024035 035046 046057 057058 058059 
59 0 059058 058057 057046 046035 035024 024013 013002 002001 001000 
0 60 000001 001002 002003 003004 004005 005016 016027 027038 038049 049060 
60 0 060049 049038 038027 027016 016005 005004 004003 003002 002001 001000 
0 61 000010 010021 021032 032043 043054 054065 065064 064063 063062 062061 
61 0 061062 062063 063064 064065 065054 054043 043032 032021 021010 010000 
0 62 000010 010021 021032 032043 043054 054065 065064 064063 063062 
62 0 062063 063064 064065 065054 054043 043032 032021 021010 010000 
0 63 000010 010021 021032 032043 043054 054065 065064 064063 
63 0 063064 064065 065054 054043 043032 032021 021010 010000 
0 64 000010 010021 021032 032043 043054 054065 065064 
64 0 064065 065054 054043 043032 032021 021010 010000 
0 65 000010 010021 021032 032043 043054 054065 
65 0 065054 054043 043032 032021 021010 010000 
15 0 015014 014013 013002 002001 001000 
0 15 000001 001002 002013 013014 014015 
15 1 015014 014013 013002 002001 
1 15 001002 002013 013014 014015 
15 2 015014 014013 013002 
2 15 002013 013014 014015 
15 3 015004 004003 
3 15 003004 004015 
15 4 015004 
4 15 004015 
15 5 015016 016005 
5 15 005016 016015 
15 6 015016 016005 005006 
6 15 006005 005016 016015 
15 7 015016 016005 005006 006007 
7 15 007006 006005 005016 016015 
15 8 015016 016005 005006 006007 007008 
8 15 008007 007006 006005 005016 016015 
15 9 015016 016005 005006 006007 007008 008009 
9 15 009008 008007 007006 006005 005016 016015 
15 10 015014 014013 013002 002001 001000 000010 
10 15 010000 000001 001002 002013 013014 014015 
15 11 015014 014013 013012 012011 
11 15 011012 012013 013014 014015 
15 12 015014 014013 013012 
12 15 012013 013014 014015 
15 13 015014 014013 
13 15 013014 014015 
15 14 015014 
14 15 014015 
15 16 015016 
16 15 016015 
15 17 015016 016017 
17 15 017016 016015 
15 18 015016 016017 017018 
18 15 018017 017016 016015 
15 19 015016 016017 017018 018019 
19 15 019018 018017 017016 016015 
15 20 015016 016017 017018 018019 019020 
20 15 020019 019018 018017 017016 016015 
15 21 015014 014013 013012 012011 011021 
21 15 021011 011012 012013 013014 014015 
15 22 015014 014013 013024 024023 023022 
22 15 022023 023024 024013 013014 014015 
15 23 015014 014013 013024 024023 
23 15 023024 024013 013014 014015 
15 24 015014 014013 013024 
24 15 024013 013014 014015 
15 25 015026 026025 
25 15 025026 026015 
15 26 015026 
26 15 026015 
15 27 015016 016027 
27 15 027016 016015 
15 28 015016 016027 027028 
28 15 028027 027016 016015 
15 29 015016 016027 027028 028029 
29 15 029028 028027 027016 016015 
15 30 015016 016027 027028 028029 029030 
30 15 030029 029028 028027 027016 016015 
15 31 015016 016027 027028 028029 029030 030031 
31 15 031030 030029 029028 028027 027016 016015 
15 32 015014 014013 013024 024023 023022 022032 
32 15 032022 022023 023024 024013 013014 014015 
15 33 015014 014013 013024 024035 035034 034033 
33 15 033034 034035 035024 024013 013014 014015 
15 34 015014 014013 013024 024035 035034 
34 15 034035 035024 024013 013014 014015 
15 35 015014 014013 013024 024035 
35 15 035024 024013 013014 014015 
15 36 015026 026037 037036 
36 15 036037 037026 026015 
15 37 015026 026037 
37 15 037026 026015 
15 38 015016 016027 027038 
38 15 038027 027016 016015 
15 39 015016 016027 027038 038039 
39 15 039038 038027 027016 016015 
15 40 015016 016027 027038 038039 039040 
40 15 040039 039038 038027 027016 016015 
15 41 015016 016027 027038 038039 039040 040041 
41 15 041040 040039 039038 038027 027016 016015 
15 42 015016 016027 027038 038039 039040 040041 041042 
42 15 042041 041040 040039 039038 038027 027016 016015 
15 43 015014 014013 013024 024035 035034 034033 033043 
43 15 043033 033034 034035 035024 024013 013014 014015 
15 44 015014 014013 013024 024035 035046 046045 045044 
44 15 044045 045046 046035 035024 024013 013014 014015 
15 45 015014 014013 013024 024035 035046 046045 
45 15 045046 046035 035024 024013 013014 014015 
15 46 015014 014013 013024 024035 035046 
46 15 046035 035024 024013 013014 014015 
15 47 015026 026037 037048 048047 
47 15 047048 048037 037026 026015 
15 48 015026 026037 037048 
48 15 048037 037026 026015 
15 49 015016 016027 027038 038049 
49 15 049038 038027 027016 016015 
15 50 015016 016027 027038 038049 049050 
50 15 050049 049038 038027 027016 016015 
15 51 015016 016027 027038 038049 049050 050051 
51 15 051050 050049 049038 038027 027016 016015 
15 52 015016 016027 027038 038049 049050 050051 051052 
52 15 052051 051050 050049 049038 038027 027016 016015 
15 53 015016 016027 027038 038049 049050 050051 051052 052053 
53 15 053052 052051 051050 050049 049038 038027 027016 016015 
15 54 015014 014013 013024 024035 035046 046045 045044 044054 
54 15 054044 044045 045046 046035 035024 024013 013014 014015 
15 55 015014 014013 013024 024035 035046 046057 057056 056055 
55 15 055056 056057 057046 046035 035024 024013 013014 014015 
15 56 015014 014013 013024 024035 035046 046057 057056 
56 15 056057 057046 046035 035024 024013 013014 014015 
15 57 015014 014013 013024 024035 035046 046057 
57 15 057046 046035 035024 024013 013014 014015 
15 58 015026 026037 037048 048059 059058 
58 15 058059 059048 048037 037026 026015 
15 59 015026 026037 037048 048059 
59 15 059048 048037 037026 026015 
15 60 015016 016027 027038 038049 049060 
60 15 060049 049038 038027 027016 016015 
15 61 015016 016027 027038 038049 049060 060061 
61 15 061060 060049 049038 038027 027016 016015 
15 62 015016 016027 027038 038049 049060 060061 061062 
62 15 062061 061060 060049 049038 038027 027016 016015 
15 63 015016 016027 027038 038049 049060 060061 061062 062063 
63 15 063062 062061 061060 060049 049038 038027 027016 016015 
15 64 015016 016027 027038 038049 049060 060061 061062 062063 063064 
64 15 064063 063062 062061 061060 060049 049038 038027 027016 016015 
15 65 015014 014013 013024 024035 035046 046057 057056 056055 055065 
65 15 065055 055056 056057 057046 046035 035024 024013 013014 014015 
28 0 028029 029030 030031 031032 032021 021010 010000 
0 28 000010 010021 021032 032031 031030 030029 029028 
28 1 028027 027016 016005 005004 004003 003002 002001 
1 28 001002 002003 003004 004005 005016 016027 027028 
28 2 028027 027016 016005 005004 004003 003002 
2 28 002003 003004 004005 005016 016027 027028 
28 3 028027 027016 016005 005004 004003 
3 28 003004 004005 005016 016027 027028 
28 4 028027 027016 016005 005004 
4 28 004005 005016 016027 027028 
28 5 028027 027016 016005 
5 28 005016 016027 027028 
28 6 028027 027016 016005 005006 
6 28 006005 005016 016027 027028 
28 7 028027 027016 016005 005006 006007 
7 28 007006 006005 005016 016027 027028 
28 8 028029 029030 030019 019008 
8 28 008019 019030 030029 029028 
28 9 028029 029030 030019 019008 008009 
9 28 009008 008019 019030 030029 029028 
28 10 028029 029030 030031 031032 032021 021010 
10 28 010021 021032 032031 031030 030029 029028 
28 11 028029 029030 030031 031032 032021 021011 
11 28 011021 021032 032031 031030 030029 029028 
28 12 028027 027016 016015 015014 014013 013012 
12 28 012013 013014 014015 015016 016027 027028 
28 13 028027 027016 016015 015014 014013 
13 28 013014 014015 015016 016027 027028 
28 14 028027 027016 016015 015014 
14 28 014015 015016 016027 027028 
28 15 028027 027016 016015 
15 28 015016 016027 027028 
28 16 028027 027016 
16 28 016027 027028 
28 17 028027 027016 016017 
17 28 017016 016027 027028 
28 18 028027 027016 016017 017018 
18 28 018017 017016 016027 027028 
28 19 028029 029030 030019 
19 28 019030 030029 029028 
28 20 028029 029030 030019 019020 
20 28 020019 019030 030029 029028 
28 21 028029 029030 030031 031032 032021 
21 28 021032 032031 031030 030029 029028 
28 22 028029 029030 030031 031032 032022 
22 28 022032 032031 031030 030029 029028 
28 23 028027 027026 026025 025024 024023 
23 28 023024 024025 025026 026027 027028 
28 24 028027 027026 026025 025024 
24 28 024025 025026 026027 027028 
28 25 028027 027026 026025 
25 28 025026 026027 027028 
28 26 028027 027026 
26 28 026027 027028 
28 27 028027 
27 28 027028 
28 29 028029 
29 28 029028 
28 30 028029 029030 
30 28 030029 029028 
28 31 028029 029030 030031 
31 28 031030 030029 029028 
28 32 028029 029030 030031 031032 
32 28 032031 031030 030029 029028 
28 33 028029 029030 030031 031032 032043 043033 
33 28 033043 043032 032031 031030 030029 029028 
28 34 028027 027038 038037 037036 036035 035034 
34 28 034035 035036 036037 037038 038027 027028 
28 35 028027 027038 038037 037036 036035 
35 28 035036 036037 037038 038027 027028 
28 36 028027 027038 038037 037036 
36 28 036037 037038 038027 027028 
28 37 028027 027038 038037 
37 28 037038 038027 027028 
28 38 028027 027038 
38 28 038027 027028 
28 39 028027 027038 038039 
39 28 039038 038027 027028 
28 40 028027 027038 038039 039040 
40 28 040039 039038 038027 027028 
28 41 028029 029030 030041 
41 28 041030 030029 029028 
28 42 028029 029030 030041 041042 
42 28 042041 041030 030029 029028 
28 43 028029 029030 030031 031032 032043 
43 28 043032 032031 031030 030029 029028 
28 44 028029 029030 030031 031032 032043 043054 054044 
44 28 044054 054043 043032 032031 031030 030029 029028 
28 45 028027 027038 038049 049048 048047 047046 046045 
45 28 045046 046047 047048 048049 049038 038027 027028 
28 46 028027 027038 038049 049048 048047 047046 
46 28 046047 047048 048049 049038 038027 027028 
28 47 028027 027038 038049 049048 048047 
47 28 047048 048049 049038 038027 027028 
28 48 028027 027038 038049 049048 
48 28 048049 049038 038027 027028 
28 49 028027 027038 038049 
49 28 049038 038027 027028 
28 50 028027 027038 038049 049050 
50 28 050049 049038 038027 027028 
28 51 028027 027038 038049 049050 050051 
51 28 051050 050049 049038 038027 027028 
28 52 028029 029030 030041 041052 
52 28 052041 041030 030029 029028 
28 53 028029 029030 030041 041052 052053 
53 28 053052 052041 041030 030029 029028 
28 54 028029 029030 030031 031032 032043 043054 
54 28 054043 043032 032031 031030 030029 029028 
28 55 028029 029030 030031 031032 032043 043054 054065 065055 
55 28 055065 065054 054043 043032 032031 031030 030029 029028 
28 56 028027 027038 038049 049060 060059 059058 058057 057056 
56 28 056057 057058 058059 059060 060049 049038 038027 027028 
28 57 028027 027038 038049 049060 060059 059058 058057 
57 28 057058 058059 059060 060049 049038 038027 027028 
28 58 028027 027038 038049 049060 060059 059058 
58 28 058059 059060 060049 049038 038027 027028 
28 59 028027 027038 038049 049060 060059 
59 28 059060 060049 049038 038027 027028 
28 60 028027 027038 038049 049060 
60 28 060049 049038 038027 027028 
28 61 028027 027038 038049 049060 060061 
61 28 061060 060049 049038 038027 027028 
28 62 028027 027038 038049 049060 060061 061062 
62 28 062061 061060 060049 049038 038027 027028 
28 63 028029 029030 030041 041052 052063 
63 28 063052 052041 041030 030029 029028 
28 64 028029 029030 030041 041052 052063 063064 
64 28 064063 063052 052041 041030 030029 029028 
28 65 028029 029030 030031 031032 032043 043054 054065 
65 28 065054 054043 043032 032031 031030 030029 029028 
43 0 043032 032021 021010 010000 
0 43 000010 010021 021032 032043 
43 1 043032 032021 021010 010000 000001 
1 43 001000 000010 010021 021032 032043 
43 2 043033 033034 034035 035024 024013 013002 
2 43 002013 013024 024035 035034 034033 033043 
43 3 043033 033034 034035 035024 024013 013002 002003 
3 43 003002 002013 013024 024035 035034 034033 033043 
43 4 043033 033034 034035 035024 024013 013002 002003 003004 
4 43 004003 003002 002013 013024 024035 035034 034033 033043 
43 5 043042 042041 041040 040039 039038 038027 027016 016005 
5 43 005016 016027 027038 038039 039040 040041 041042 042043 
43 6 043032 032021 021010 010009 009008 008007 007006 
6 43 006007 007008 008009 009010 010021 021032 032043 
43 7 043032 032021 021010 010009 009008 008007 
7 43 007008 008009 009010 010021 021032 032043 
43 8 043032 032021 021010 010009 009008 
8 43 008009 009010 010021 021032 032043 
43 9 043032 032021 021010 010009 
9 43 009010 010021 021032 032043 
43 10 043032 032021 021010 
10 43 010021 021032 032043 
43 11 043032 032021 021011 
11 43 011021 021032 032043 
43 12 043032 032021 021011 011012 
12 43 012011 011021 021032 032043 
43 13 043033 033034 034035 035024 024013 
13 43 013024 024035 035034 034033 033043 
43 14 043033 033034 034035 035024 024013 013014 
14 43 014013 013024 024035 035034 034033 033043 
43 15 043033 033034 034035 035024 024013 013014 014015 
15 43 015014 014013 013024 024035 035034 034033 033043 
43 16 043042 042041 041040 040039 039038 038027 027016 
16 43 016027 027038 038039 039040 040041 041042 042043 
43 17 043032 032021 021020 020019 019018 018017 
17 43 017018 018019 019020 020021 021032 032043 
43 18 043032 032021 021020 020019 019018 
18 43 018019 019020 020021 021032 032043 
43 19 043032 032021 021020 020019 
19 43 019020 020021 021032 032043 
43 20 043032 032021 021020 
20 43 020021 021032 032043 
43 21 043032 032021 
21 43 021032 032043 
43 22 043032 032022 
22 43 022032 032043 
43 23 043032 032022 022023 
23 43 023022 022032 032043 
43 24 043033 033034 034035 035024 
24 43 024035 035034 034033 033043 
43 25 043033 033034 034035 035024 024025 
25 43 025024 024035 035034 034033 033043 
43 26 043033 033034 034035 035024 024025 025026 
26 43 026025 025024 024035 035034 034033 033043 
43 27 043042 042041 041040 040039 039038 038027 
27 43 027038 038039 039040 040041 041042 042043 
43 28 043032 032031 031030 030029 029028 
28 43 028029 029030 030031 031032 032043 
43 29 043032 032031 031030 030029 
29 43 029030 030031 031032 032043 
43 30 043032 032031 031030 
30 43 030031 031032 032043 
43 31 043032 032031 
31 43 031032 032043 
43 32 043032 
32 43 032043 
43 33 043033 
33 43 033043 
43 34 043033 033034 
34 43 034033 033043 
43 35 043033 033034 034035 
35 43 035034 034033 033043 
43 36 043033 033034 034035 035036 
36 43 036035 035034 034033 033043 
43 37 043033 033034 034035 035036 036037 
37 43 037036 036035 035034 034033 033043 
43 38 043042 042041 041040 040039 039038 
38 43 038039 039040 040041 041042 042043 
43 39 043042 042041 041040 040039 
39 43 039040 040041 041042 042043 
43 40 043042 042041 041040 
40 43 040041 041042 042043 
43 41 043042 042041 
41 43 041042 042043 
43 42 043042 
42 43 042043 
43 44 043054 054044 
44 43 044054 054043 
43 45 043054 054044 044045 
45 43 045044 044054 054043 
43 46 043033 033034 034035 035046 
46 43 046035 035034 034033 033043 
43 47 043033 033034 034035 035046 046047 
47 43 047046 046035 035034 034033 033043 
43 48 043033 033034 034035 035046 046047 047048 
48 43 048047 047046 046035 035034 034033 033043 
43 49 043042 042041 041040 040039 039038 038049 
49 43 049038 038039 039040 040041 041042 042043 
43 50 043054 054053 053052 052051 051050 
50 43 050051 051052 052053 053054 054043 
43 51 043054 054053 053052 052051 
51 43 051052 052053 053054 054043 
43 52 043054 054053 053052 
52 43 052053 053054 054043 
43 53 043054 054053 
53 43 053054 054043 
43 54 043054 
54 43 054043 
43 55 043054 054065 065055 
55 43 055065 065054 054043 
43 56 043054 054065 065055 055056 
56 43 056055 055065 065054 054043 
43 57 043033 033034 034035 035046 046057 
57 43 057046 046035 035034 034033 033043 
43 58 043033 033034 034035 035046 046057 057058 
58 43 058057 057046 046035 035034 034033 033043 
43 59 043033 033034 034035 035046 046057 057058 058059 
59 43 059058 058057 057046 046035 035034 034033 033043 
43 60 043042 042041 041040 040039 039038 038049 049060 
60 43 060049 049038 038039 039040 040041 041042 042043 
43 61 043054 054065 065064 064063 063062 062061 
61 43 061062 062063 063064 064065 065054 054043 
43 62 043054 054065 065064 064063 063062 
62 43 062063 063064 064065 065054 054043 
43 63 043054 054065 065064 064063 
63 43 063064 064065 065054 054043 
43 64 043054 054065 065064 
64 43 064065 065054 054043 
43 65 043054 054065 
65 43 065054 054043 
45 0 045046 046035 035024 024013 013002 002001 001000 
0 45 000001 001002 002013 013024 024035 035046 046045 
45 1 045046 046035 035024 024013 013002 002001 
1 45 001002 002013 013024 024035 035046 046045 
45 2 045046 046035 035024 024013 013002 
2 45 002013 013024 024035 035046 046045 
45 3 045046 046035 035024 024013 013002 002003 
3 45 003002 002013 013024 024035 035046 046045 
45 4 045046 046035 035024 024013 013002 002003 003004 
4 45 004003 003002 002013 013024 024035 035046 046045 
45 5 045046 046047 047048 048049 049038 038027 027016 016005 
5 45 005016 016027 027038 038049 049048 048047 047046 046045 
45 6 045046 046047 047048 048049 049038 038027 027016 016005 005006 
6 45 006005 005016 016027 027038 038049 049048 048047 047046 046045 
45 7 045044 044054 054043 043032 032021 021010 010009 009008 008007 
7 45 007008 008009 009010 010021 021032 032043 043054 054044 044045 
45 8 045044 044054 054043 043032 032021 021010 010009 009008 
8 45 008009 009010 010021 021032 032043 043054 054044 044045 
45 9 045044 044054 054043 043032 032021 021010 010009 
9 45 009010 010021 021032 032043 043054 054044 044045 
45 10 045044 044054 054043 043032 032021 021010 
10 45 010021 021032 032043 043054 054044 044045 
45 11 045046 046035 035024 024013 013012 012011 
11 45 011012 012013 013024 024035 035046 046045 
45 12 045046 046035 035024 024013 013012 
12 45 012013 013024 024035 035046 046045 
45 13 045046 046035 035024 024013 
13 45 013024 024035 035046 046045 
45 14 045046 046035 035024 024013 013014 
14 45 014013 013024 024035 035046 046045 
45 15 045046 046035 035024 024013 013014 014015 
15 45 015014 014013 013024 024035 035046 046045 
45 16 045046 046047 047048 048049 049038 038027 027016 
16 45 016027 027038 038049 049048 048047 047046 046045 
45 17 045046 046047 047048 048049 049038 038027 027016 016017 
17 45 017016 016027 027038 038049 049048 048047 047046 046045 
45 18 045044 044054 054043 043032 032021 021020 020019 019018 
18 45 018019 019020 020021 021032 032043 043054 054044 044045 
45 19 045044 044054 054043 043032 032021 021020 020019 
19 45 019020 020021 021032 032043 043054 054044 044045 
45 20 045044 044054 054043 043032 032021 021020 
20 45 020021 021032 032043 043054 054044 044045 
45 21 045044 044054 054043 043032 032021 
21 45 021032 032043 043054 054044 044045 
45 22 045046 046035 035024 024023 023022 
22 45 022023 023024 024035 035046 046045 
45 23 045046 046035 035024 024023 
23 45 023024 024035 035046 046045 
45 24 045046 046035 035024 
24 45 024035 035046 046045 
45 25 045046 046035 035024 024025 
25 45 025024 024035 035046 046045 
45 26 045046 046035 035024 024025 025026 
26 45 026025 025024 024035 035046 046045 
45 27 045046 046047 047048 048049 049038 038027 
27 45 027038 038049 049048 048047 047046 046045 
45 28 045046 046047 047048 048049 049038 038027 027028 
28 45 028027 027038 038049 049048 048047 047046 046045 
45 29 045044 044054 054043 043032 032031 031030 030029 
29 45 029030 030031 031032 032043 043054 054044 044045 
45 30 045044 044054 054043 043032 032031 031030 
30 45 030031 031032 032043 043054 054044 044045 
45 31 045044 044054 054043 043032 032031 
31 45 031032 032043 043054 054044 044045 
45 32 045044 044054 054043 043032 
32 45 032043 043054 054044 044045 
45 33 045046 046035 035034 034033 
33 45 033034 034035 035046 046045 
45 34 045046 046035 035034 
34 45 034035 035046 046045 
45 35 045046 046035 
35 45 035046 046045 
45 36 045046 046035 035036 
36 45 036035 035046 046045 
45 37 045046 046035 035036 036037 
37 45 037036 036035 035046 046045 
45 38 045046 046047 047048 048049 049038 
38 45 038049 049048 048047 047046 046045 
45 39 045046 046047 047048 048049 049038 038039 
39 45 039038 038049 049048 048047 047046 046045 
45 40 045044 044054 054043 043042 042041 041040 
40 45 040041 041042 042043 043054 054044 044045 
45 41 045044 044054 054043 043042 042041 
41 45 041042 042043 043054 054044 044045 
45 42 045044 044054 054043 043042 
42 45 042043 043054 054044 044045 
45 43 045044 044054 054043 
43 45 043054 054044 044045 
45 44 045044 
44 45 044045 
45 46 045046 
46 45 046045 
45 47 045046 046047 
47 45 047046 046045 
45 48 045046 046047 047048 
48 45 048047 047046 046045 
45 49 045046 046047 047048 048049 
49 45 049048 048047 047046 046045 
45 50 045046 046047 047048 048049 049050 
50 45 050049 049048 048047 047046 046045 
45 51 045044 044054 054053 053052 052051 
51 45 051052 052053 053054 054044 044045 
45 52 045044 044054 054053 053052 
52 45 052053 053054 054044 044045 
45 53 045044 044054 054053 
53 45 053054 054044 044045 
45 54 045044 044054 
54 45 054044 044045 
45 55 045046 046057 057056 056055 
55 45 055056 056057 057046 046045 
45 56 045046 046057 057056 
56 45 056057 057046 046045 
45 57 045046 046057 
57 45 057046 046045 
45 58 045046 046057 057058 
58 45 058057 057046 046045 
45 59 045046 046057 057058 058059 
59 45 059058 058057 057046 046045 
45 60 045046 046047 047048 048049 049060 
60 45 060049 049048 048047 047046 046045 
45 61 045046 046047 047048 048049 049060 060061 
61 45 061060 060049 049048 048047 047046 046045 
45 62 045044 044054 054065 065064 064063 063062 
62 45 062063 063064 064065 065054 054044 044045 
45 63 045044 044054 054065 065064 064063 
63 45 063064 064065 065054 054044 044045 
45 64 045044 044054 054065 065064 
64 45 064065 065054 054044 044045 
45 65 045044 044054 054065 
65 45 065054 054044 044045 
60 0 060049 049038 038027 027016 016005 005004 004003 003002 002001 001000 
0 60 000001 001002 002003 003004 004005 005016 016027 027038 038049 049060 
60 1 060049 049038 038027 027016 016005 005004 004003 003002 002001 
1 60 001002 002003 003004 004005 005016 016027 027038 038049 049060 
60 2 060049 049038 038027 027016 016005 005004 004003 003002 
2 60 002003 003004 004005 005016 016027 027038 038049 049060 
60 3 060049 049038 038027 027016 016005 005004 004003 
3 60 003004 004005 005016 016027 027038 038049 049060 
60 4 060049 049038 038027 027016 016005 005004 
4 60 004005 005016 016027 027038 038049 049060 
60 5 060049 049038 038027 027016 016005 
5 60 005016 016027 027038 038049 049060 
60 6 060049 049038 038027 027016 016005 005006 
6 60 006005 005016 016027 027038 038049 049060 
60 7 060049 049038 038027 027016 016005 005006 006007 
7 60 007006 006005 005016 016027 027038 038049 049060 
60 8 060049 049038 038027 027016 016005 005006 006007 007008 
8 60 008007 007006 006005 005016 016027 027038 038049 049060 
60 9 060049 049038 038027 027016 016005 005006 006007 007008 008009 
9 60 009008 008007 007006 006005 005016 016027 027038 038049 049060 
60 10 060049 049038 038027 027016 016005 005006 006007 007008 008009 009010 
10 60 010009 009008 008007 007006 006005 005016 016027 027038 038049 049060 
60 11 060049 049038 038027 027016 016015 015014 014013 013012 012011 
11 60 011012 012013 013014 014015 015016 016027 027038 038049 049060 
60 12 060049 049038 038027 027016 016015 015014 014013 013012 
12 60 012013 013014 014015 015016 016027 027038 038049 049060 
60 13 060049 049038 038027 027016 016015 015014 014013 
13 60 013014 014015 015016 016027 027038 038049 049060 
60 14 060049 049038 038027 027016 016015 015014 
14 60 014015 015016 016027 027038 038049 049060 
60 15 060049 049038 038027 027016 016015 
15 60 015016 016027 027038 038049 049060 
60 16 060049 049038 038027 027016 
16 60 016027 027038 038049 049060 
60 17 060049 049038 038027 027016 016017 
17 60 017016 016027 027038 038049 049060 
60 18 060049 049038 038027 027016 016017 017018 
18 60 018017 017016 016027 027038 038049 049060 
60 19 060049 049038 038027 027016 016017 017018 018019 
19 60 019018 018017 017016 016027 027038 038049 049060 
60 20 060049 049038 038027 027016 016017 017018 018019 019020 
20 60 020019 019018 018017 017016 016027 027038 038049 049060 
60 21 060049 049038 038027 027016 016017 017018 018019 019020 020021 
21 60 021020 020019 019018 018017 017016 016027 027038 038049 049060 
60 22 060049 049038 038027 027026 026025 025024 024023 023022 
22 60 022023 023024 024025 025026 026027 027038 038049 049060 
60 23 060049 049038 038027 027026 026025 025024 024023 
23 60 023024 024025 025026 026027 027038 038049 049060 
60 24 060049 049038 038027 027026 026025 025024 
24 60 024025 025026 026027 027038 038049 049060 
60 25 060049 049038 038027 027026 026025 
25 60 025026 026027 027038 038049 049060 
60 26 060049 049038 038027 027026 
26 60 026027 027038 038049 049060 
60 27 060049 049038 038027 
27 60 027038 038049 049060 
60 28 060049 049038 038027 027028 
28 60 028027 027038 038049 049060 
60 29 060049 049038 038027 027028 028029 
29 60 029028 028027 027038 038049 049060 
60 30 060049 049038 038027 027028 028029 029030 
30 60 030029 029028 028027 027038 038049 049060 
60 31 060049 049038 038027 027028 028029 029030 030031 
31 60 031030 030029 029028 028027 027038 038049 049060 
60 32 060049 049038 038027 027028 028029 029030 030031 031032 
32 60 032031 031030 030029 029028 028027 027038 038049 049060 
60 33 060049 049038 038037 037036 036035 035034 034033 
33 60 033034 034035 035036 036037 037038 038049 049060 
60 34 060049 049038 038037 037036 036035 035034 
34 60 034035 035036 036037 037038 038049 049060 
60 35 060049 049038 038037 037036 036035 
35 60 035036 036037 037038 038049 049060 
60 36 060049 049038 038037 037036 
36 60 036037 037038 038049 049060 
60 37 060049 049038 038037 
37 60 037038 038049 049060 
60 38 060049 049038 
38 60 038049 049060 
60 39 060049 049038 038039 
39 60 039038 038049 049060 
60 40 060049 049038 038039 039040 
40 60 040039 039038 038049 049060 
60 41 060049 049038 038039 039040 040041 
41 60 041040 040039 039038 038049 049060 
60 42 060049 049038 038039 039040 040041 041042 
42 60 042041 041040 040039 039038 038049 049060 
60 43 060049 049038 038039 039040 040041 041042 042043 
43 60 043042 042041 041040 040039 039038 038049 049060 
60 44 060049 049048 048047 047046 046045 045044 
44 60 044045 045046 046047 047048 048049 049060 
60 45 060049 049048 048047 047046 046045 
45 60 045046 046047 047048 048049 049060 
60 46 060049 049048 048047 047046 
46 60 046047 047048 048049 049060 
60 47 060049 049048 048047 
47 60 047048 048049 049060 
60 48 060049 049048 
48 60 048049 049060 
60 49 060049 
49 60 049060 
60 50 060049 049050 
50 60 050049 049060 
60 51 060049 049050 050051 
51 60 051050 050049 049060 
60 52 060049 049050 050051 051052 
52 60 052051 051050 050049 049060 
60 53 060049 049050 050051 051052 052053 
53 60 053052 052051 051050 050049 049060 
60 54 060049 049050 050051 051052 052053 053054 
54 60 054053 053052 052051 051050 050049 049060 
60 55 060059 059058 058057 057056 056055 
55 60 055056 056057 057058 058059 059060 
60 56 060059 059058 058057 057056 
56 60 056057 057058 058059 059060 
60 57 060059 059058 058057 
57 60 057058 058059 059060 
60 58 060059 059058 
58 60 058059 059060 
60 59 060059 
59 60 059060 
60 61 060061 
61 60 061060 
60 62 060061 061062 
62 60 062061 061060 
60 63 060061 061062 062063 
63 60 063062 062061 061060 
60 64 060061 061062 062063 063064 
64 60 064063 063062 062061 061060 
60 65 060061 061062 062063 063064 064065 
65 60 065064 064063 063062 062061 061060 
