21 0 021011 011000 
0 21 000011 011021 
21 1 021011 011000 000001 
1 21 001000 000011 011021 
21 8 021020 020019 019008 
8 21 008019 019020 020021 
21 9 021020 020019 019008 008009 
9 21 009008 008019 019020 020021 
21 10 021011 011000 000010 
10 21 010000 000011 011021 
21 11 021011 
11 21 011021 
21 12 021011 011012 
12 21 012011 011021 
21 19 021020 020019 
19 21 019020 020021 
21 20 021020 
20 21 020021 
21 22 021011 011022 
22 21 022011 011021 
21 31 021020 020019 019030 030031 
31 21 031030 030019 019020 020021 
21 32 021011 011022 022032 
32 21 032022 022011 011021 
21 43 021011 011022 022033 033043 
43 21 043033 033022 022011 011021 
35 2 035024 024013 013002 
2 35 002013 013024 024035 
35 3 035024 024013 013002 002003 
3 35 003002 002013 013024 024035 
35 13 035024 024013 
13 35 013024 024035 
35 14 035024 024013 013014 
14 35 014013 013024 024035 
35 23 035024 024023 
23 35 023024 024035 
35 24 035024 
24 35 024035 
35 25 035024 024025 
25 35 025024 024035 
35 33 035034 034033 
33 35 033034 034035 
35 34 035034 
34 35 034035 
35 36 035036 
36 35 036035 
35 44 035046 046045 045044 
44 35 044045 045046 046035 
35 45 035046 046045 
45 35 045046 046035 
35 46 035046 
46 35 046035 
35 47 035046 046047 
47 35 047046 046035 
35 56 035046 046057 057056 
56 35 056057 057046 046035 
35 57 035046 046057 
57 35 057046 046035 
35 58 035046 046057 057058 
58 35 058057 057046 046035 
27 4 027016 016005 005004 
4 27 004005 005016 016027 
27 5 027016 016005 
5 27 005016 016027 
27 6 027016 016005 005006 
6 27 006005 005016 016027 
27 7 027016 016005 005006 006007 
7 27 007006 006005 005016 016027 
27 15 027016 016015 
15 27 015016 016027 
27 16 027016 
16 27 016027 
27 17 027016 016017 
17 27 017016 016027 
27 18 027016 016017 017018 
18 27 018017 017016 016027 
27 26 027026 
26 27 026027 
27 37 027038 038037 
37 27 037038 038027 
27 38 027038 
38 27 038027 
27 48 027038 038049 049048 
48 27 048049 049038 038027 
27 49 027038 038049 
49 27 049038 038027 
27 59 027038 038049 049060 060059 
59 27 059060 060049 049038 038027 
27 60 027038 038049 049060 
60 27 060049 049038 038027 
39 28 039028 
28 39 028039 
39 29 039040 040029 
29 39 029040 040039 
39 40 039040 
40 39 040039 
39 50 039050 
50 39 050039 
39 61 039050 050061 
61 39 061050 050039 
52 30 052041 041030 
30 52 030041 041052 
52 41 052041 
41 52 041052 
52 42 052041 041042 
42 52 042041 041052 
52 51 052051 
51 52 051052 
52 53 052053 
53 52 053052 
52 54 052053 053054 
54 52 054053 053052 
52 55 052063 063064 064065 065055 
55 52 055065 065064 064063 063052 
52 62 052063 063062 
62 52 062063 063052 
52 63 052063 
63 52 063052 
52 64 052063 063064 
64 52 064063 063052 
52 65 052063 063064 064065 
65 52 065064 064063 063052 
52 65 052063 063064 064065 
65 52 065064 064063 063052 
35 0 035024 024013 013002 002001 001000 
0 35 000001 001002 002013 013024 024035 
35 1 035024 024013 013002 002001 
1 35 001002 002013 013024 024035 
21 2 021011 011012 012013 013002 
2 21 002013 013012 012011 011021 
27 3 027016 016005 005004 004003 
3 27 003004 004005 005016 016027 
39 4 039038 038027 027016 016005 005004 
4 39 004005 005016 016027 027038 038039 
39 5 039038 038027 027016 016005 
5 39 005016 016027 027038 038039 
39 6 039028 028017 017006 
6 39 006017 017028 028039 
21 7 021020 020019 019008 008007 
7 21 007008 008019 019020 020021 
52 8 052041 041030 030019 019008 
8 52 008019 019030 030041 041052 
52 9 052041 041030 030019 019008 008009 
9 52 009008 008019 019030 030041 041052 
52 10 052041 041030 030019 019008 008009 009010 
10 52 010009 009008 008019 019030 030041 041052 
35 11 035024 024013 013012 012011 
11 35 011012 012013 013024 024035 
35 12 035024 024013 013012 
12 35 012013 013024 024035 
21 13 021011 011012 012013 
13 21 013012 012011 011021 
27 14 027016 016015 015014 
14 27 014015 015016 016027 
39 15 039038 038027 027016 016015 
15 39 015016 016027 027038 038039 
39 16 039038 038027 027016 
16 39 016027 027038 038039 
39 17 039028 028017 
17 39 017028 028039 
39 18 039040 040029 029018 
18 39 018029 029040 040039 
52 19 052041 041030 030019 
19 52 019030 030041 041052 
52 20 052041 041030 030019 019020 
20 52 020019 019030 030041 041052 
52 21 052041 041030 030019 019020 020021 
21 52 021020 020019 019030 030041 041052 
35 22 035024 024023 023022 
22 35 022023 023024 024035 
21 23 021011 011022 022023 
23 21 023022 022011 011021 
27 24 027026 026025 025024 
24 27 024025 025026 026027 
27 25 027026 026025 
25 27 025026 026027 
39 26 039038 038027 027026 
26 39 026027 027038 038039 
39 27 039038 038027 
27 39 027038 038039 
27 28 027028 
28 27 028027 
27 29 027028 028029 
29 27 029028 028027 
39 30 039040 040041 041030 
30 39 030041 041040 040039 
52 31 052041 041030 030031 
31 52 031030 030041 041052 
52 32 052041 041030 030031 031032 
32 52 032031 031030 030041 041052 
21 33 021011 011022 022033 
33 21 033022 022011 011021 
21 34 021011 011022 022033 033034 
34 21 034033 033022 022011 011021 
27 35 027038 038037 037036 036035 
35 27 035036 036037 037038 038027 
27 36 027038 038037 037036 
36 27 036037 037038 038027 
35 37 035036 036037 
37 35 037036 036035 
39 38 039038 
38 39 038039 
27 39 027038 038039 
39 27 039038 038027 
52 40 052041 041040 
40 52 040041 041052 
39 41 039040 040041 
41 39 041040 040039 
21 42 021020 020019 019030 030041 041042 
42 21 042041 041030 030019 019020 020021 
52 43 052041 041042 042043 
43 52 043042 042041 041052 
52 44 052053 053054 054044 
44 52 044054 054053 053052 
52 45 052053 053054 054044 044045 
45 52 045044 044054 054053 053052 
27 46 027038 038049 049048 048047 047046 
46 27 046047 047048 048049 049038 038027 
27 47 027038 038049 049048 048047 
47 27 047048 048049 049038 038027 
39 48 039038 038049 049048 
48 39 048049 049038 038039 
39 49 039038 038049 
49 39 049038 038039 
52 50 052051 051050 
50 52 050051 051052 
39 51 039040 040051 
51 39 051040 040039 
39 52 039040 040041 041052 
52 39 052041 041040 040039 
21 53 021020 020019 019030 030041 041052 052053 
53 21 053052 052041 041030 030019 019020 020021 
21 54 021011 011022 022033 033044 044054 
54 21 054044 044033 033022 022011 011021 
35 55 035046 046057 057056 056055 
55 35 055056 056057 057046 046035 
52 56 052063 063064 064065 065055 055056 
56 52 056055 055065 065064 064063 063052 
27 57 027038 038049 049060 060059 059058 058057 
57 27 057058 058059 059060 060049 049038 038027 
27 58 027038 038049 049060 060059 059058 
58 27 058059 059060 060049 049038 038027 
39 59 039038 038049 049060 060059 
59 39 059060 060049 049038 038039 
39 60 039038 038049 049060 
60 39 060049 049038 038039 
52 61 052063 063062 062061 
61 52 061062 062063 063052 
39 62 039040 040051 051062 
62 39 062051 051040 040039 
39 63 039040 040041 041052 052063 
63 39 063052 052041 041040 040039 
21 64 021020 020019 019030 030041 041052 052063 063064 
64 21 064063 063052 052041 041030 030019 019020 020021 
21 65 021011 011022 022033 033044 044055 055065 
65 21 065055 055044 044033 033022 022011 011021 
