11 0 011000 
0 11 000011 
11 1 011000 000001 
1 11 001000 000011 
11 2 011000 000001 001002 
2 11 002001 001000 000011 
11 10 011000 000010 
10 11 010000 000011 
11 12 011012 
12 11 012011 
11 13 011012 012013 
13 11 013012 012011 
11 21 011021 
21 11 021011 
11 22 011022 
22 11 022011 
11 23 011022 022023 
23 11 023022 022011 
11 32 011022 022032 
32 11 032022 022011 
8 6 008007 007006 
6 8 006007 007008 
8 7 008007 
7 8 007008 
8 9 008009 
9 8 009008 
19 18 019018 
18 19 018019 
19 20 019020 
20 19 020019 
19 29 019030 030029 
29 19 029030 030019 
19 30 019030 
30 19 030019 
19 31 019030 030031 
31 19 031030 030019 
27 4 027026 026025 025014 014003 003004 
4 27 004003 003014 014025 025026 026027 
27 5 027028 028017 017006 006005 
5 27 005006 006017 017028 028027 
27 15 027026 026025 025014 014015 
15 27 015014 014025 025026 026027 
27 16 027028 028017 017016 
16 27 016017 017028 028027 
27 17 027028 028017 
17 27 017028 028027 
27 26 027026 
26 27 026027 
27 28 027028 
28 27 028027 
27 38 027028 028039 039038 
38 27 038039 039028 028027 
27 39 027028 028039 
39 27 039028 028027 
27 49 027028 028039 039050 050049 
49 27 049050 050039 039028 028027 
27 60 027028 028039 039050 050061 061060 
60 27 060061 061050 050039 039028 028027 
36 3 036025 025014 014003 
3 36 003014 014025 025036 
36 14 036025 025014 
14 36 014025 025036 
36 24 036025 025024 
24 36 024025 025036 
36 25 036025 
25 36 025036 
36 35 036035 
35 36 035036 
36 37 036037 
37 36 037036 
36 46 036047 047046 
46 36 046047 047036 
36 47 036047 
47 36 047036 
36 48 036047 047048 
48 36 048047 047036 
36 57 036047 047058 058057 
57 36 057058 058047 047036 
36 58 036047 047058 
58 36 058047 047036 
36 59 036047 047058 058059 
59 36 059058 058047 047036 
44 33 044033 
33 44 033044 
44 34 044033 033034 
34 44 034033 033044 
44 43 044033 033043 
43 44 043033 033044 
44 45 044045 
45 44 045044 
44 54 044054 
54 44 054044 
44 55 044055 
55 44 055044 
44 56 044055 055056 
56 44 056055 055044 
44 65 044055 055065 
65 44 065055 055044 
52 40 052041 041040 
40 52 040041 041052 
52 41 052041 
41 52 041052 
52 42 052041 041042 
42 52 042041 041052 
52 50 052051 051050 
50 52 050051 051052 
52 51 052051 
51 52 051052 
52 53 052053 
53 52 053052 
52 61 052063 063062 062061 
61 52 061062 062063 063052 
52 62 052063 063062 
62 52 062063 063052 
52 63 052063 
63 52 063052 
52 64 052063 063064 
64 52 064063 063052 
52 64 052063 063064 
64 52 064063 063052 
8 0 008009 009010 010000 
0 8 000010 010009 009008 
8 1 008009 009010 010000 000001 
1 8 001000 000010 010009 009008 
36 2 036025 025014 014003 003002 
2 36 002003 003014 014025 025036 
27 3 027026 026025 025014 014003 
3 27 003014 014025 025026 026027 
36 4 036025 025014 014003 003004 
4 36 004003 003014 014025 025036 
8 5 008007 007006 006005 
5 8 005006 006007 007008 
27 6 027028 028017 017006 
6 27 006017 017028 028027 
19 7 019008 008007 
7 19 007008 008019 
19 8 019008 
8 19 008019 
19 9 019008 008009 
9 19 009008 008019 
8 10 008009 009010 
10 8 010009 009008 
44 11 044033 033022 022011 
11 44 011022 022033 033044 
36 12 036025 025014 014013 013012 
12 36 012013 013014 014025 025036 
36 13 036025 025014 014013 
13 36 013014 014025 025036 
27 14 027026 026025 025014 
14 27 014025 025026 026027 
36 15 036025 025014 014015 
15 36 015014 014025 025036 
19 16 019018 018017 017016 
16 19 016017 017018 018019 
19 17 019018 018017 
17 19 017018 018019 
8 18 008019 019018 
18 8 018019 019008 
8 19 008019 
19 8 019008 
8 20 008019 019020 
20 8 020019 019008 
19 21 019020 020021 
21 19 021020 020019 
44 22 044033 033022 
22 44 022033 033044 
44 23 044033 033022 022023 
23 44 023022 022033 033044 
11 24 011022 022023 023024 
24 11 024023 023022 022011 
27 25 027026 026025 
25 27 025026 026027 
36 26 036025 025026 
26 36 026025 025036 
36 27 036025 025026 026027 
27 36 027026 026025 025036 
19 28 019030 030029 029028 
28 19 028029 029030 030019 
27 29 027028 028029 
29 27 029028 028027 
8 30 008019 019030 
30 8 030019 019008 
8 31 008019 019030 030031 
31 8 031030 030019 019008 
44 32 044033 033022 022032 
32 44 032022 022033 033044 
11 33 011022 022033 
33 11 033022 022011 
36 34 036035 035034 
34 36 034035 035036 
44 35 044033 033034 034035 
35 44 035034 034033 033044 
27 36 027026 026025 025036 
36 27 036025 025026 026027 
27 37 027026 026025 025036 036037 
37 27 037036 036025 025026 026027 
36 38 036037 037038 
38 36 038037 037036 
52 39 052041 041040 040039 
39 52 039040 040041 041052 
27 40 027028 028039 039040 
40 27 040039 039028 028027 
19 41 019030 030041 
41 19 041030 030019 
19 42 019030 030041 041042 
42 19 042041 041030 030019 
11 43 011022 022033 033043 
43 11 043033 033022 022011 
11 44 011022 022033 033044 
44 11 044033 033022 022011 
36 45 036047 047046 046045 
45 36 045046 046047 047036 
44 46 044045 045046 
46 44 046045 045044 
44 47 044045 045046 046047 
47 44 047046 046045 045044 
27 48 027026 026025 025036 036047 047048 
48 27 048047 047036 036025 025026 026027 
36 49 036047 047048 048049 
49 36 049048 048047 047036 
27 50 027028 028039 039050 
50 27 050039 039028 028027 
27 51 027028 028039 039050 050051 
51 27 051050 050039 039028 028027 
19 52 019030 030041 041052 
52 19 052041 041030 030019 
44 53 044054 054053 
53 44 053054 054044 
52 54 052053 053054 
54 52 054053 053052 
11 55 011022 022033 033044 044055 
55 11 055044 044033 033022 022011 
36 56 036047 047058 058057 057056 
56 36 056057 057058 058047 047036 
44 57 044055 055056 056057 
57 44 057056 056055 055044 
44 58 044045 045046 046047 047058 
58 44 058047 047046 046045 045044 
27 59 027026 026025 025036 036047 047058 058059 
59 27 059058 058047 047036 036025 025026 026027 
36 60 036047 047058 058059 059060 
60 36 060059 059058 058047 047036 
27 61 027028 028039 039050 050061 
61 27 061050 050039 039028 028027 
27 62 027028 028039 039050 050061 061062 
62 27 062061 061050 050039 039028 028027 
19 63 019030 030041 041052 052063 
63 19 063052 052041 041030 030019 
44 64 044055 055065 065064 
64 44 064065 065055 055044 
52 65 052063 063064 064065 
65 52 065064 064063 063052 
