11 0 011000 
0 11 000011 
11 1 011000 000001 
1 11 001000 000011 
11 9 011000 000010 010009 
9 11 009010 010000 000011 
11 10 011000 000010 
10 11 010000 000011 
11 12 011012 
12 11 012011 
11 20 011021 021020 
20 11 020021 021011 
11 21 011021 
21 11 021011 
11 22 011022 
22 11 022011 
11 23 011022 022023 
23 11 023022 022011 
11 32 011022 022032 
32 11 032022 022011 
11 33 011022 022033 
33 11 033022 022011 
11 44 011022 022033 033044 
44 11 044033 033022 022011 
11 55 011022 022033 033044 044055 
55 11 055044 044033 033022 022011 
14 2 014003 003002 
2 14 002003 003014 
14 3 014003 
3 14 003014 
14 4 014003 003004 
4 14 004003 003014 
14 13 014013 
13 14 013014 
14 15 014015 
15 14 015014 
36 24 036025 025024 
24 36 024025 025036 
36 25 036025 
25 36 025036 
36 26 036025 025026 
26 36 026025 025036 
36 34 036035 035034 
34 36 034035 035036 
36 35 036035 
35 36 035036 
36 37 036037 
37 36 037036 
36 45 036047 047046 046045 
45 36 045046 046047 047036 
36 46 036047 047046 
46 36 046047 047036 
36 47 036047 
47 36 047036 
36 48 036047 047048 
48 36 048047 047036 
36 56 036047 047058 058057 057056 
56 36 056057 057058 058047 047036 
36 57 036047 047058 058057 
57 36 057058 058047 047036 
36 58 036047 047058 
58 36 058047 047036 
36 59 036047 047058 058059 
59 36 059058 058047 047036 
38 5 038027 027016 016005 
5 38 005016 016027 027038 
38 6 038027 027016 016005 005006 
6 38 006005 005016 016027 027038 
38 16 038027 027016 
16 38 016027 027038 
38 17 038027 027016 016017 
17 38 017016 016027 027038 
38 27 038027 
27 38 027038 
38 28 038027 027028 
28 38 028027 027038 
38 39 038039 
39 38 039038 
38 49 038049 
49 38 049038 
38 50 038049 049050 
50 38 050049 049038 
38 60 038049 049060 
60 38 060049 049038 
38 61 038049 049060 060061 
61 38 061060 060049 049038 
41 7 041030 030019 019008 008007 
7 41 007008 008019 019030 030041 
41 8 041030 030019 019008 
8 41 008019 019030 030041 
41 18 041030 030019 019018 
18 41 018019 019030 030041 
41 19 041030 030019 
19 41 019030 030041 
41 29 041030 030029 
29 41 029030 030041 
41 30 041030 
30 41 030041 
41 31 041030 030031 
31 41 031030 030041 
41 40 041040 
40 41 040041 
41 42 041042 
42 41 042041 
41 43 041042 042043 
43 41 043042 042041 
41 51 041052 052051 
51 41 051052 052041 
41 52 041052 
52 41 052041 
41 53 041052 052053 
53 41 053052 052041 
41 54 041052 052053 053054 
54 41 054053 053052 052041 
41 62 041052 052063 063062 
62 41 062063 063052 052041 
41 63 041052 052063 
63 41 063052 052041 
41 64 041052 052063 063064 
64 41 064063 063052 052041 
41 65 041052 052063 063064 064065 
65 41 065064 064063 063052 052041 
41 65 041052 052063 063064 064065 
65 41 065064 064063 063052 052041 
14 0 014013 013012 012011 011000 
0 14 000011 011012 012013 013014 
14 1 014003 003002 002001 
1 14 001002 002003 003014 
11 2 011000 000001 001002 
2 11 002001 001000 000011 
36 3 036025 025014 014003 
3 36 003014 014025 025036 
36 4 036025 025014 014003 003004 
4 36 004003 003014 014025 025036 
14 5 014003 003004 004005 
5 14 005004 004003 003014 
14 6 014003 003004 004005 005006 
6 14 006005 005004 004003 003014 
11 7 011021 021020 020019 019008 008007 
7 11 007008 008019 019020 020021 021011 
11 8 011021 021020 020019 019008 
8 11 008019 019020 020021 021011 
41 9 041030 030019 019008 008009 
9 41 009008 008019 019030 030041 
41 10 041030 030019 019008 008009 009010 
10 41 010009 009008 008019 019030 030041 
14 11 014013 013012 012011 
11 14 011012 012013 013014 
14 12 014013 013012 
12 14 012013 013014 
11 13 011012 012013 
13 11 013012 012011 
36 14 036025 025014 
14 36 014025 025036 
36 15 036025 025014 014015 
15 36 015014 014025 025036 
14 16 014015 015016 
16 14 016015 015014 
14 17 014015 015016 016017 
17 14 017016 016015 015014 
38 18 038027 027016 016017 017018 
18 38 018017 017016 016027 027038 
11 19 011021 021020 020019 
19 11 019020 020021 021011 
41 20 041030 030019 019020 
20 41 020019 019030 030041 
41 21 041030 030019 019020 020021 
21 41 021020 020019 019030 030041 
41 22 041030 030031 031032 032022 
22 41 022032 032031 031030 030041 
36 23 036025 025024 024023 
23 36 023024 024025 025036 
14 24 014025 025024 
24 14 024025 025014 
14 25 014025 
25 14 025014 
38 26 038027 027026 
26 38 026027 027038 
36 27 036025 025026 026027 
27 36 027026 026025 025036 
41 28 041030 030029 029028 
28 41 028029 029030 030041 
38 29 038027 027028 028029 
29 38 029028 028027 027038 
38 30 038039 039040 040041 041030 
30 38 030041 041040 040039 039038 
11 31 011022 022032 032031 
31 11 031032 032022 022011 
41 32 041030 030031 031032 
32 41 032031 031030 030041 
36 33 036035 035034 034033 
33 36 033034 034035 035036 
11 34 011022 022033 033034 
34 11 034033 033022 022011 
14 35 014025 025036 036035 
35 14 035036 036025 025014 
14 36 014025 025036 
36 14 036025 025014 
38 37 038037 
37 38 037038 
36 38 036037 037038 
38 36 038037 037036 
41 39 041040 040039 
39 41 039040 040041 
38 40 038039 039040 
40 38 040039 039038 
38 41 038039 039040 040041 
41 38 041040 040039 039038 
11 42 011022 022033 033043 043042 
42 11 042043 043033 033022 022011 
11 43 011022 022033 033043 
43 11 043033 033022 022011 
41 44 041052 052053 053054 054044 
44 41 044054 054053 053052 052041 
11 45 011022 022033 033044 044045 
45 11 045044 044033 033022 022011 
14 46 014025 025036 036047 047046 
46 14 046047 047036 036025 025014 
14 47 014025 025036 036047 
47 14 047036 036025 025014 
38 48 038049 049048 
48 38 048049 049038 
36 49 036047 047048 048049 
49 36 049048 048047 047036 
41 50 041052 052051 051050 
50 41 050051 051052 052041 
38 51 038049 049050 050051 
51 38 051050 050049 049038 
38 52 038039 039040 040041 041052 
52 38 052041 041040 040039 039038 
11 53 011022 022033 033044 044054 054053 
53 11 053054 054044 044033 033022 022011 
11 54 011022 022033 033044 044054 
54 11 054044 044033 033022 022011 
41 55 041052 052063 063064 064065 065055 
55 41 055065 065064 064063 063052 052041 
11 56 011022 022033 033044 044055 055056 
56 11 056055 055044 044033 033022 022011 
14 57 014025 025036 036047 047058 058057 
57 14 057058 058047 047036 036025 025014 
14 58 014025 025036 036047 047058 
58 14 058047 047036 036025 025014 
38 59 038049 049060 060059 
59 38 059060 060049 049038 
36 60 036047 047058 058059 059060 
60 36 060059 059058 058047 047036 
41 61 041052 052063 063062 062061 
61 41 061062 062063 063052 052041 
38 62 038049 049060 060061 061062 
62 38 062061 061060 060049 049038 
38 63 038039 039040 040041 041052 052063 
63 38 063052 052041 041040 040039 039038 
11 64 011022 022033 033044 044055 055065 065064 
64 11 064065 065055 055044 044033 033022 022011 
11 65 011022 022033 033044 044055 055065 
65 11 065055 055044 044033 033022 022011 
