1 0 001000 
0 1 000001 
1 2 001002 
2 1 002001 
1 3 001002 002003 
3 1 003002 002001 
1 10 001000 000010 
10 1 010000 000001 
1 11 001012 012011 
11 1 011012 012001 
1 12 001012 
12 1 012001 
1 13 001012 012013 
13 1 013012 012001 
1 23 001012 012023 
23 1 023012 012001 
8 9 008009 
9 8 009008 
18 6 018007 007006 
6 18 006007 007018 
18 7 018007 
7 18 007018 
18 17 018017 
17 18 017018 
18 19 018019 
19 18 019018 
18 20 018019 019020 
20 18 020019 019018 
18 29 018029 
29 18 029018 
18 30 018029 029030 
30 18 030029 029018 
18 40 018029 029040 
40 18 040029 029018 
18 41 018029 029040 040041 
41 18 041040 040029 029018 
18 51 018029 029040 040051 
51 18 051040 040029 029018 
18 62 018029 029040 040051 051062 
62 18 062051 051040 040029 029018 
27 5 027016 016005 
5 27 005016 016027 
27 16 027016 
16 27 016027 
27 28 027028 
28 27 028027 
27 38 027038 
38 27 038027 
27 39 027038 038039 
39 27 039038 038027 
37 4 037026 026015 015004 
4 37 004015 015026 026037 
37 14 037026 026015 015014 
14 37 014015 015026 026037 
37 15 037026 026015 
15 37 015026 026037 
37 24 037026 026025 025024 
24 37 024025 025026 026037 
37 25 037026 026025 
25 37 025026 026037 
37 26 037026 
26 37 026037 
37 36 037036 
36 37 036037 
37 47 037048 048047 
47 37 047048 048037 
37 48 037048 
48 37 048037 
37 49 037048 048049 
49 37 049048 048037 
37 50 037048 048049 049050 
50 37 050049 049048 048037 
37 58 037048 048059 059058 
58 37 058059 059048 048037 
37 59 037048 048059 
59 37 059048 048037 
37 60 037048 048059 059060 
60 37 060059 059048 048037 
37 61 037048 048059 059060 060061 
61 37 061060 060059 059048 048037 
45 34 045034 
34 45 034045 
45 35 045034 034035 
35 45 035034 034045 
45 44 045044 
44 45 044045 
45 46 045046 
46 45 046045 
45 56 045056 
56 45 056045 
45 57 045056 056057 
57 45 057056 056045 
54 21 054043 043032 032021 
21 54 021032 032043 043054 
54 22 054043 043032 032022 
22 54 022032 032043 043054 
54 31 054043 043032 032031 
31 54 031032 032043 043054 
54 32 054043 043032 
32 54 032043 043054 
54 33 054043 043033 
33 54 033043 043054 
54 42 054043 043042 
42 54 042043 043054 
54 43 054043 
43 54 043054 
54 52 054053 053052 
52 54 052053 053054 
54 53 054053 
53 54 053054 
54 55 054065 065055 
55 54 055065 065054 
54 63 054065 065064 064063 
63 54 063064 064065 065054 
54 64 054065 065064 
64 54 064065 065054 
54 65 054065 
65 54 065054 
54 65 054065 
65 54 065054 
8 0 008009 009010 010000 
0 8 000010 010009 009008 
45 1 045034 034023 023012 012001 
1 45 001012 012023 023034 034045 
37 2 037026 026015 015004 004003 003002 
2 37 002003 003004 004015 015026 026037 
37 3 037026 026015 015004 004003 
3 37 003004 004015 015026 026037 
27 4 027026 026015 015004 
4 27 004015 015026 026027 
18 5 018007 007006 006005 
5 18 005006 006007 007018 
8 6 008007 007006 
6 8 006007 007008 
8 7 008007 
7 8 007008 
18 8 018007 007008 
8 18 008007 007018 
18 9 018007 007008 008009 
9 18 009008 008007 007018 
8 10 008009 009010 
10 8 010009 009008 
54 11 054043 043032 032021 021011 
11 54 011021 021032 032043 043054 
45 12 045034 034023 023012 
12 45 012023 023034 034045 
37 13 037026 026015 015014 014013 
13 37 013014 014015 015026 026037 
27 14 027026 026015 015014 
14 27 014015 015026 026027 
27 15 027026 026015 
15 27 015026 026027 
18 16 018017 017016 
16 18 016017 017018 
27 17 027016 016017 
17 27 017016 016027 
8 18 008007 007018 
18 8 018007 007008 
8 19 008007 007018 018019 
19 8 019018 018007 007008 
8 20 008007 007018 018019 019020 
20 8 020019 019018 018007 007008 
1 21 001000 000010 010021 
21 1 021010 010000 000001 
1 22 001012 012023 023022 
22 1 022023 023012 012001 
45 23 045034 034023 
23 45 023034 034045 
1 24 001012 012023 023024 
24 1 024023 023012 012001 
27 25 027026 026025 
25 27 025026 026027 
27 26 027026 
26 27 026027 
37 27 037026 026027 
27 37 027026 026037 
18 28 018029 029028 
28 18 028029 029018 
27 29 027028 028029 
29 27 029028 028027 
27 30 027028 028029 029030 
30 27 030029 029028 028027 
18 31 018029 029030 030031 
31 18 031030 030029 029018 
1 32 001000 000010 010021 021032 
32 1 032021 021010 010000 000001 
45 33 045034 034033 
33 45 033034 034045 
1 34 001012 012023 023034 
34 1 034023 023012 012001 
37 35 037036 036035 
35 37 035036 036037 
27 36 027026 026037 037036 
36 27 036037 037026 026027 
27 37 027026 026037 
37 27 037026 026027 
37 38 037038 
38 37 038037 
37 39 037038 038039 
39 37 039038 038037 
27 40 027028 028029 029040 
40 27 040029 029028 028027 
54 41 054043 043042 042041 
41 54 041042 042043 043054 
18 42 018029 029040 040041 041042 
42 18 042041 041040 040029 029018 
45 43 045044 044054 054043 
43 45 043054 054044 044045 
54 44 054044 
44 54 044054 
54 45 054044 044045 
45 54 045044 044054 
37 46 037048 048047 047046 
46 37 046047 047048 048037 
45 47 045046 046047 
47 45 047046 046045 
27 48 027026 026037 037048 
48 27 048037 037026 026027 
27 49 027038 038049 
49 27 049038 038027 
27 50 027038 038049 049050 
50 27 050049 049038 038027 
54 51 054053 053052 052051 
51 54 051052 052053 053054 
18 52 018029 029040 040051 051052 
52 18 052051 051040 040029 029018 
45 53 045044 044054 054053 
53 45 053054 054044 044045 
45 54 045044 044054 
54 45 054044 044045 
45 55 045056 056055 
55 45 055056 056045 
54 56 054065 065055 055056 
56 54 056055 055065 065054 
37 57 037048 048059 059058 058057 
57 37 057058 058059 059048 048037 
45 58 045056 056057 057058 
58 45 058057 057056 056045 
27 59 027026 026037 037048 048059 
59 27 059048 048037 037026 026027 
27 60 027038 038049 049060 
60 27 060049 049038 038027 
27 61 027038 038049 049060 060061 
61 27 061060 060049 049038 038027 
54 62 054053 053052 052051 051062 
62 54 062051 051052 052053 053054 
18 63 018029 029040 040051 051062 062063 
63 18 063062 062051 051040 040029 029018 
45 64 045044 044054 054065 065064 
64 45 064065 065054 054044 044045 
45 65 045044 044054 054065 
65 45 065054 054044 044045 
