9 0 009010 010000 
0 9 000010 010009 
9 7 009008 008007 
7 9 007008 008009 
9 8 009008 
8 9 008009 
9 10 009010 
10 9 010009 
9 19 009020 020019 
19 9 019020 020009 
9 20 009020 
20 9 020009 
9 21 009020 020021 
21 9 021020 020009 
9 30 009020 020031 031030 
30 9 030031 031020 020009 
9 31 009020 020031 
31 9 031020 020009 
23 1 023012 012001 
1 23 001012 012023 
23 2 023012 012001 001002 
2 23 002001 001012 012023 
23 11 023012 012011 
11 23 011012 012023 
23 12 023012 
12 23 012023 
23 13 023012 012013 
13 23 013012 012023 
23 22 023022 
22 23 022023 
23 24 023024 
24 23 024023 
23 32 023022 022032 
32 23 032022 022023 
23 33 023034 034033 
33 23 033034 034023 
23 34 023034 
34 23 034023 
23 35 023034 034035 
35 23 035034 034023 
23 45 023034 034045 
45 23 045034 034023 
23 46 023034 034045 045046 
46 23 046045 045034 034023 
23 56 023034 034045 045056 
56 23 056045 045034 034023 
23 57 023034 034045 045056 056057 
57 23 057056 056045 045034 034023 
25 3 025014 014003 
3 25 003014 014025 
25 4 025014 014003 003004 
4 25 004003 003014 014025 
25 14 025014 
14 25 014025 
25 15 025014 014015 
15 25 015014 014025 
25 26 025026 
26 25 026025 
25 36 025036 
36 25 036025 
25 37 025036 036037 
37 25 037036 036025 
25 47 025036 036047 
47 25 047036 036025 
25 58 025036 036047 047058 
58 25 058047 047036 036025 
39 5 039028 028017 017006 006005 
5 39 005006 006017 017028 028039 
39 6 039028 028017 017006 
6 39 006017 017028 028039 
39 16 039028 028017 017016 
16 39 016017 017028 028039 
39 17 039028 028017 
17 39 017028 028039 
39 18 039028 028017 017018 
18 39 018017 017028 028039 
39 27 039028 028027 
27 39 027028 028039 
39 28 039028 
28 39 028039 
39 29 039028 028029 
29 39 029028 028039 
39 38 039038 
38 39 038039 
39 40 039040 
40 39 040039 
39 48 039050 050049 049048 
48 39 048049 049050 050039 
39 49 039050 050049 
49 39 049050 050039 
39 50 039050 
50 39 050039 
39 51 039050 050051 
51 39 051050 050039 
39 59 039050 050061 061060 060059 
59 39 059060 060061 061050 050039 
39 60 039050 050061 061060 
60 39 060061 061050 050039 
39 61 039050 050061 
61 39 061050 050039 
39 62 039050 050061 061062 
62 39 062061 061050 050039 
53 41 053042 042041 
41 53 041042 042053 
53 42 053042 
42 53 042053 
53 43 053042 042043 
43 53 043042 042053 
53 44 053054 054044 
44 53 044054 054053 
53 52 053052 
52 53 052053 
53 54 053054 
54 53 054053 
53 55 053064 064065 065055 
55 53 055065 065064 064053 
53 63 053064 064063 
63 53 063064 064053 
53 64 053064 
64 53 064053 
53 65 053064 064065 
65 53 065064 064053 
53 65 053064 064065 
65 53 065064 064053 
23 0 023012 012001 001000 
0 23 000001 001012 012023 
9 1 009010 010000 000001 
1 9 001000 000010 010009 
25 2 025014 014003 003002 
2 25 002003 003014 014025 
23 3 023012 012001 001002 002003 
3 23 003002 002001 001012 012023 
39 4 039028 028017 017006 006005 005004 
4 39 004005 005006 006017 017028 028039 
25 5 025014 014003 003004 004005 
5 25 005004 004003 003014 014025 
9 6 009008 008007 007006 
6 9 006007 007008 008009 
39 7 039028 028017 017006 006007 
7 39 007006 006017 017028 028039 
53 8 053042 042031 031020 020009 009008 
8 53 008009 009020 020031 031042 042053 
53 9 053042 042031 031020 020009 
9 53 009020 020031 031042 042053 
23 10 023012 012001 001000 000010 
10 23 010000 000001 001012 012023 
9 11 009020 020021 021011 
11 9 011021 021020 020009 
25 12 025024 024023 023012 
12 25 012023 023024 024025 
25 13 025014 014013 
13 25 013014 014025 
23 14 023012 012013 013014 
14 23 014013 013012 012023 
39 15 039028 028017 017016 016015 
15 39 015016 016017 017028 028039 
25 16 025014 014015 015016 
16 25 016015 015014 014025 
9 17 009008 008007 007006 006017 
17 9 017006 006007 007008 008009 
9 18 009020 020019 019018 
18 9 018019 019020 020009 
53 19 053042 042031 031020 020019 
19 53 019020 020031 031042 042053 
53 20 053042 042031 031020 
20 53 020031 031042 042053 
23 21 023012 012011 011021 
21 23 021011 011012 012023 
25 22 025024 024023 023022 
22 25 022023 023024 024025 
25 23 025024 024023 
23 25 023024 024025 
25 24 025024 
24 25 024025 
23 25 023024 024025 
25 23 025024 024023 
39 26 039028 028027 027026 
26 39 026027 027028 028039 
25 27 025026 026027 
27 25 027026 026025 
25 28 025026 026027 027028 
28 25 028027 027026 026025 
9 29 009020 020031 031030 030029 
29 9 029030 030031 031020 020009 
53 30 053042 042031 031030 
30 53 030031 031042 042053 
53 31 053042 042031 
31 53 031042 042053 
9 32 009020 020031 031032 
32 9 032031 031020 020009 
53 33 053042 042043 043033 
33 53 033043 043042 042053 
25 34 025024 024023 023034 
34 25 034023 023024 024025 
25 35 025036 036035 
35 25 035036 036025 
23 36 023034 034035 035036 
36 23 036035 035034 034023 
39 37 039038 038037 
37 39 037038 038039 
25 38 025036 036037 037038 
38 25 038037 037036 036025 
25 39 025026 026027 027028 028039 
39 25 039028 028027 027026 026025 
53 40 053042 042041 041040 
40 53 040041 041042 042053 
39 41 039040 040041 
41 39 041040 040039 
9 42 009020 020031 031042 
42 9 042031 031020 020009 
23 43 023034 034033 033043 
43 23 043033 033034 034023 
23 44 023034 034045 045044 
44 23 044045 045034 034023 
53 45 053054 054044 044045 
45 53 045044 044054 054053 
25 46 025036 036047 047046 
46 25 046047 047036 036025 
39 47 039050 050049 049048 048047 
47 39 047048 048049 049050 050039 
25 48 025036 036047 047048 
48 25 048047 047036 036025 
25 49 025036 036047 047048 048049 
49 25 049048 048047 047036 036025 
53 50 053052 052051 051050 
50 53 050051 051052 052053 
53 51 053052 052051 
51 53 051052 052053 
39 52 039050 050051 051052 
52 39 052051 051050 050039 
9 53 009020 020031 031042 042053 
53 9 053042 042031 031020 020009 
23 54 023034 034045 045044 044054 
54 23 054044 044045 045034 034023 
23 55 023034 034045 045056 056055 
55 23 055056 056045 045034 034023 
53 56 053064 064065 065055 055056 
56 53 056055 055065 065064 064053 
25 57 025036 036047 047058 058057 
57 25 057058 058047 047036 036025 
39 58 039050 050061 061060 060059 059058 
58 39 058059 059060 060061 061050 050039 
25 59 025036 036047 047058 058059 
59 25 059058 058047 047036 036025 
53 60 053052 052051 051050 050061 061060 
60 53 060061 061050 050051 051052 052053 
53 61 053052 052051 051050 050061 
61 53 061050 050051 051052 052053 
53 62 053064 064063 063062 
62 53 062063 063064 064053 
39 63 039050 050061 061062 062063 
63 39 063062 062061 061050 050039 
9 64 009020 020031 031042 042053 053064 
64 9 064053 053042 042031 031020 020009 
23 65 023034 034045 045056 056055 055065 
65 23 065055 055056 056045 045034 034023 
