11 0 011012 012001 001000 
0 11 000001 001012 012011 
11 9 011021 021020 020009 
9 11 009020 020021 021011 
11 10 011021 021020 020009 009010 
10 11 010009 009020 020021 021011 
11 12 011012 
12 11 012011 
11 20 011021 021020 
20 11 020021 021011 
11 21 011021 
21 11 021011 
11 22 011012 012023 023022 
22 11 022023 023012 012011 
11 23 011012 012023 
23 11 023012 012011 
11 32 011021 021020 020031 031032 
32 11 032031 031020 020021 021011 
11 33 011012 012023 023034 034033 
33 11 033034 034023 023012 012011 
11 34 011012 012023 023034 
34 11 034023 023012 012011 
2 1 002001 
1 2 001002 
2 3 002003 
3 2 003002 
2 4 002003 003004 
4 2 004003 003002 
2 13 002013 
13 2 013002 
25 14 025014 
14 25 014025 
25 15 025014 014015 
15 25 015014 014025 
25 24 025024 
24 25 024025 
25 26 025026 
26 25 026025 
25 35 025036 036035 
35 25 035036 036025 
25 36 025036 
36 25 036025 
25 37 025036 036037 
37 25 037036 036025 
25 46 025036 036047 047046 
46 25 046047 047036 036025 
25 47 025036 036047 
47 25 047036 036025 
25 48 025036 036047 047048 
48 25 048047 047036 036025 
25 57 025036 036047 047058 058057 
57 25 057058 058047 047036 036025 
25 58 025036 036047 047058 
58 25 058047 047036 036025 
25 59 025036 036047 047058 058059 
59 25 059058 058047 047036 036025 
28 5 028017 017006 006005 
5 28 005006 006017 017028 
28 6 028017 017006 
6 28 006017 017028 
28 7 028017 017006 006007 
7 28 007006 006017 017028 
28 8 028017 017006 006007 007008 
8 28 008007 007006 006017 017028 
28 16 028017 017016 
16 28 016017 017028 
28 17 028017 
17 28 017028 
28 18 028017 017018 
18 28 018017 017028 
28 19 028017 017018 018019 
19 28 019018 018017 017028 
28 27 028027 
27 28 027028 
28 29 028029 
29 28 029028 
28 30 028029 029030 
30 28 030029 029028 
28 38 028039 039038 
38 28 038039 039028 
28 39 028039 
39 28 039028 
28 40 028039 039040 
40 28 040039 039028 
28 49 028039 039050 050049 
49 28 049050 050039 039028 
28 50 028039 039050 
50 28 050039 039028 
28 60 028039 039050 050061 061060 
60 28 060061 061050 050039 039028 
28 61 028039 039050 050061 
61 28 061050 050039 039028 
53 31 053042 042031 
31 53 031042 042053 
53 41 053042 042041 
41 53 041042 042053 
53 42 053042 
42 53 042053 
53 43 053042 042043 
43 53 043042 042053 
53 44 053054 054044 
44 53 044054 054053 
53 45 053054 054044 044045 
45 53 045044 044054 054053 
53 51 053052 052051 
51 53 051052 052053 
53 52 053052 
52 53 052053 
53 54 053054 
54 53 054053 
53 55 053064 064065 065055 
55 53 055065 065064 064053 
53 56 053064 064065 065055 055056 
56 53 056055 055065 065064 064053 
53 62 053064 064063 063062 
62 53 062063 063064 064053 
53 63 053064 064063 
63 53 063064 064053 
53 64 053064 
64 53 064053 
53 65 053064 064065 
65 53 065064 064053 
53 65 053064 064065 
65 53 065064 064053 
2 0 002001 001000 
0 2 000001 001002 
11 1 011012 012001 
1 11 001012 012011 
11 2 011012 012001 001002 
2 11 002001 001012 012011 
25 3 025014 014003 
3 25 003014 014025 
25 4 025014 014003 003004 
4 25 004003 003014 014025 
2 5 002003 003004 004005 
5 2 005004 004003 003002 
2 6 002003 003004 004005 005006 
6 2 006005 005004 004003 003002 
11 7 011021 021020 020009 009008 008007 
7 11 007008 008009 009020 020021 021011 
11 8 011021 021020 020009 009008 
8 11 008009 009020 020021 021011 
53 9 053042 042031 031020 020009 
9 53 009020 020031 031042 042053 
2 10 002001 001000 000010 
10 2 010000 000001 001002 
2 11 002001 001012 012011 
11 2 011012 012001 001002 
2 12 002001 001012 
12 2 012001 001002 
25 13 025014 014013 
13 25 013014 014025 
2 14 002003 003014 
14 2 014003 003002 
2 15 002003 003014 014015 
15 2 015014 014003 003002 
25 16 025014 014015 015016 
16 25 016015 015014 014025 
25 17 025026 026027 027028 028017 
17 25 017028 028027 027026 026025 
11 18 011021 021020 020019 019018 
18 11 018019 019020 020021 021011 
11 19 011021 021020 020019 
19 11 019020 020021 021011 
53 20 053042 042031 031020 
20 53 020031 031042 042053 
53 21 053042 042031 031020 020021 
21 53 021020 020031 031042 042053 
25 22 025024 024023 023022 
22 25 022023 023024 024025 
25 23 025024 024023 
23 25 023024 024025 
2 24 002013 013024 
24 2 024013 013002 
2 25 002003 003014 014025 
25 2 025014 014003 003002 
28 26 028027 027026 
26 28 026027 027028 
25 27 025026 026027 
27 25 027026 026025 
25 28 025026 026027 027028 
28 25 028027 027026 026025 
53 29 053042 042031 031030 030029 
29 53 029030 030031 031042 042053 
53 30 053042 042031 031030 
30 53 030031 031042 042053 
11 31 011021 021020 020031 
31 11 031020 020021 021011 
53 32 053042 042031 031032 
32 53 032031 031042 042053 
53 33 053042 042043 043033 
33 53 033043 043042 042053 
25 34 025036 036035 035034 
34 25 034035 035036 036025 
2 35 002013 013024 024035 
35 2 035024 024013 013002 
2 36 002003 003014 014025 025036 
36 2 036025 025014 014003 003002 
28 37 028039 039038 038037 
37 28 037038 038039 039028 
25 38 025036 036037 037038 
38 25 038037 037036 036025 
53 39 053042 042041 041040 040039 
39 53 039040 040041 041042 042053 
53 40 053042 042041 041040 
40 53 040041 041042 042053 
28 41 028039 039040 040041 
41 28 041040 040039 039028 
11 42 011021 021020 020031 031042 
42 11 042031 031020 020021 021011 
11 43 011021 021020 020031 031042 042043 
43 11 043042 042031 031020 020021 021011 
11 44 011012 012023 023034 034045 045044 
44 11 044045 045034 034023 023012 012011 
11 45 011012 012023 023034 034045 
45 11 045034 034023 023012 012011 
53 46 053054 054044 044045 045046 
46 53 046045 045044 044054 054053 
2 47 002003 003014 014025 025036 036047 
47 2 047036 036025 025014 014003 003002 
28 48 028039 039050 050049 049048 
48 28 048049 049050 050039 039028 
25 49 025036 036047 047048 048049 
49 25 049048 048047 047036 036025 
53 50 053052 052051 051050 
50 53 050051 051052 052053 
28 51 028039 039050 050051 
51 28 051050 050039 039028 
28 52 028039 039050 050051 051052 
52 28 052051 051050 050039 039028 
11 53 011021 021020 020031 031042 042053 
53 11 053042 042031 031020 020021 021011 
11 54 011021 021020 020031 031042 042053 053054 
54 11 054053 053042 042031 031020 020021 021011 
11 55 011012 012023 023034 034045 045056 056055 
55 11 055056 056045 045034 034023 023012 012011 
11 56 011012 012023 023034 034045 045056 
56 11 056045 045034 034023 023012 012011 
53 57 053064 064065 065055 055056 056057 
57 53 057056 056055 055065 065064 064053 
2 58 002003 003014 014025 025036 036047 047058 
58 2 058047 047036 036025 025014 014003 003002 
28 59 028039 039050 050061 061060 060059 
59 28 059060 060061 061050 050039 039028 
25 60 025036 036047 047058 058059 059060 
60 25 060059 059058 058047 047036 036025 
53 61 053064 064063 063062 062061 
61 53 061062 062063 063064 064053 
28 62 028039 039050 050061 061062 
62 28 062061 061050 050039 039028 
28 63 028039 039050 050061 061062 062063 
63 28 063062 062061 061050 050039 039028 
11 64 011021 021020 020031 031042 042053 053064 
64 11 064053 053042 042031 031020 020021 021011 
11 65 011021 021020 020031 031042 042053 053064 064065 
65 11 065064 064053 053042 042031 031020 020021 021011 
