1 0 001000 
0 1 000001 
1 2 001002 
2 1 002001 
1 3 001002 002003 
3 1 003002 002001 
1 11 001012 012011 
11 1 011012 012001 
1 12 001012 
12 1 012001 
1 13 001012 012013 
13 1 013012 012001 
1 14 001012 012013 013014 
14 1 014013 013012 012001 
1 22 001012 012023 023022 
22 1 022023 023012 012001 
1 23 001012 012023 
23 1 023012 012001 
1 24 001012 012023 023024 
24 1 024023 023012 012001 
20 8 020009 009008 
8 20 008009 009020 
20 9 020009 
9 20 009020 
20 10 020009 009010 
10 20 010009 009020 
20 19 020019 
19 20 019020 
20 21 020021 
21 20 021020 
20 30 020031 031030 
30 20 030031 031020 
20 31 020031 
31 20 031020 
20 32 020031 031032 
32 20 032031 031020 
17 5 017006 006005 
5 17 005006 006017 
17 6 017006 
6 17 006017 
17 7 017006 006007 
7 17 007006 006017 
17 16 017016 
16 17 016017 
17 18 017018 
18 17 018017 
17 28 017028 
28 17 028017 
17 29 017028 028029 
29 17 029028 028017 
17 39 017028 028039 
39 17 039028 028017 
17 50 017028 028039 039050 
50 17 050039 039028 028017 
17 61 017028 028039 039050 050061 
61 17 061050 050039 039028 028017 
37 4 037026 026015 015004 
4 37 004015 015026 026037 
37 15 037026 026015 
15 37 015026 026037 
37 25 037026 026025 
25 37 025026 026037 
37 26 037026 
26 37 026037 
37 36 037036 
36 37 036037 
37 38 037038 
38 37 038037 
37 47 037048 048047 
47 37 047048 048037 
37 48 037048 
48 37 048037 
37 49 037048 048049 
49 37 049048 048037 
37 59 037048 048059 
59 37 059048 048037 
37 60 037048 048059 059060 
60 37 060059 059048 048037 
45 33 045034 034033 
33 45 033034 034045 
45 34 045034 
34 45 034045 
45 35 045034 034035 
35 45 035034 034045 
45 44 045044 
44 45 044045 
45 46 045046 
46 45 046045 
45 55 045056 056055 
55 45 055056 056045 
45 56 045056 
56 45 056045 
45 57 045056 056057 
57 45 057056 056045 
45 58 045056 056057 057058 
58 45 058057 057056 056045 
53 40 053042 042041 041040 
40 53 040041 041042 042053 
53 41 053042 042041 
41 53 041042 042053 
53 42 053042 
42 53 042053 
53 43 053042 042043 
43 53 043042 042053 
53 51 053052 052051 
51 53 051052 052053 
53 52 053052 
52 53 052053 
53 54 053054 
54 53 054053 
53 62 053064 064063 063062 
62 53 062063 063064 064053 
53 63 053064 064063 
63 53 063064 064053 
53 64 053064 
64 53 064053 
53 65 053064 064065 
65 53 065064 064053 
53 65 053064 064065 
65 53 065064 064053 
20 0 020009 009010 010000 
0 20 000010 010009 009020 
45 1 045034 034023 023012 012001 
1 45 001012 012023 023034 034045 
45 2 045034 034023 023012 012001 001002 
2 45 002001 001012 012023 023034 034045 
37 3 037026 026015 015004 004003 
3 37 003004 004015 015026 026037 
27 4 027026 026015 015004 
4 27 004015 015026 026027 
27 5 027016 016005 
5 27 005016 016027 
27 6 027028 028017 017006 
6 27 006017 017028 028027 
20 7 020009 009008 008007 
7 20 007008 008009 009020 
17 8 017006 006007 007008 
8 17 008007 007006 006017 
1 9 001000 000010 010009 
9 1 009010 010000 000001 
1 10 001000 000010 
10 1 010000 000001 
20 11 020021 021011 
11 20 011021 021020 
45 12 045034 034023 023012 
12 45 012023 023034 034045 
45 13 045034 034023 023012 012013 
13 45 013012 012023 023034 034045 
37 14 037026 026015 015014 
14 37 014015 015026 026037 
27 15 027026 026015 
15 27 015026 026027 
27 16 027016 
16 27 016027 
27 17 027028 028017 
17 27 017028 028027 
20 18 020019 019018 
18 20 018019 019020 
17 19 017018 018019 
19 17 019018 018017 
53 20 053042 042031 031020 
20 53 020031 031042 042053 
1 21 001012 012011 011021 
21 1 021011 011012 012001 
45 22 045034 034023 023022 
22 45 022023 023034 034045 
45 23 045034 034023 
23 45 023034 034045 
45 24 045034 034023 023024 
24 45 024023 023034 034045 
27 25 027026 026025 
25 27 025026 026027 
27 26 027026 
26 27 026027 
37 27 037026 026027 
27 37 027026 026037 
27 28 027028 
28 27 028027 
27 29 027028 028029 
29 27 029028 028027 
53 30 053042 042031 031030 
30 53 030031 031042 042053 
53 31 053042 042031 
31 53 031042 042053 
53 32 053042 042031 031032 
32 53 032031 031042 042053 
53 33 053042 042043 043033 
33 53 033043 043042 042053 
1 34 001012 012023 023034 
34 1 034023 023012 012001 
37 35 037036 036035 
35 37 035036 036037 
45 36 045034 034035 035036 
36 45 036035 035034 034045 
27 37 027026 026037 
37 27 037026 026027 
27 38 027038 
38 27 038027 
27 39 027028 028039 
39 27 039028 028027 
17 40 017028 028039 039040 
40 17 040039 039028 028017 
20 41 020031 031042 042041 
41 20 041042 042031 031020 
20 42 020031 031042 
42 20 042031 031020 
20 43 020031 031042 042043 
43 20 043042 042031 031020 
53 44 053054 054044 
44 53 044054 054053 
53 45 053054 054044 044045 
45 53 045044 044054 054053 
37 46 037048 048047 047046 
46 37 046047 047048 048037 
45 47 045046 046047 
47 45 047046 046045 
27 48 027026 026037 037048 
48 27 048037 037026 026027 
27 49 027038 038049 
49 27 049038 038027 
27 50 027028 028039 039050 
50 27 050039 039028 028027 
17 51 017028 028039 039050 050051 
51 17 051050 050039 039028 028017 
20 52 020031 031042 042053 053052 
52 20 052053 053042 042031 031020 
20 53 020031 031042 042053 
53 20 053042 042031 031020 
45 54 045044 044054 
54 45 054044 044045 
53 55 053064 064065 065055 
55 53 055065 065064 064053 
53 56 053064 064065 065055 055056 
56 53 056055 055065 065064 064053 
37 57 037048 048059 059058 058057 
57 37 057058 058059 059048 048037 
37 58 037048 048059 059058 
58 37 058059 059048 048037 
27 59 027026 026037 037048 048059 
59 27 059048 048037 037026 026027 
27 60 027038 038049 049060 
60 27 060049 049038 038027 
53 61 053064 064063 063062 062061 
61 53 061062 062063 063064 064053 
17 62 017028 028039 039050 050061 061062 
62 17 062061 061050 050039 039028 028017 
20 63 020031 031042 042053 053064 064063 
63 20 063064 064053 053042 042031 031020 
20 64 020031 031042 042053 053064 
64 20 064053 053042 042031 031020 
45 65 045056 056055 055065 
65 45 065055 055056 056045 
