1 0 001000 
0 1 000001 
1 2 001002 
2 1 002001 
1 3 001002 002003 
3 1 003002 002001 
1 10 001000 000010 
10 1 010000 000001 
1 11 001012 012011 
11 1 011012 012001 
1 12 001012 
12 1 012001 
1 13 001012 012013 
13 1 013012 012001 
1 23 001012 012023 
23 1 023012 012001 
8 7 008007 
7 8 007008 
8 9 008009 
9 8 009008 
29 18 029018 
18 29 018029 
29 19 029018 018019 
19 29 019018 018029 
29 20 029018 018019 019020 
20 29 020019 019018 018029 
29 28 029028 
28 29 028029 
29 30 029030 
30 29 030029 
29 31 029030 030031 
31 29 031030 030029 
29 39 029040 040039 
39 29 039040 040029 
29 40 029040 
40 29 040029 
29 41 029040 040041 
41 29 041040 040029 
29 50 029040 040051 051050 
50 29 050051 051040 040029 
29 51 029040 040051 
51 29 051040 040029 
29 61 029040 040051 051062 062061 
61 29 061062 062051 051040 040029 
29 62 029040 040051 051062 
62 29 062051 051040 040029 
16 4 016015 015004 
4 16 004015 015016 
16 5 016005 
5 16 005016 
16 6 016005 005006 
6 16 006005 005016 
16 14 016015 015014 
14 16 014015 015016 
16 15 016015 
15 16 015016 
16 17 016017 
17 16 017016 
16 27 016027 
27 16 027016 
37 24 037026 026025 025024 
24 37 024025 025026 026037 
37 25 037026 026025 
25 37 025026 026037 
37 26 037026 
26 37 026037 
37 36 037036 
36 37 036037 
37 38 037038 
38 37 038037 
37 47 037048 048047 
47 37 047048 048037 
37 48 037048 
48 37 048037 
37 49 037048 048049 
49 37 049048 048037 
37 58 037048 048059 059058 
58 37 058059 059048 048037 
37 59 037048 048059 
59 37 059048 048037 
37 60 037048 048059 059060 
60 37 060059 059048 048037 
45 34 045034 
34 45 034045 
45 35 045034 034035 
35 45 035034 034045 
45 44 045044 
44 45 044045 
45 46 045046 
46 45 046045 
45 56 045056 
56 45 056045 
45 57 045056 056057 
57 45 057056 056045 
54 21 054043 043032 032021 
21 54 021032 032043 043054 
54 22 054043 043032 032022 
22 54 022032 032043 043054 
54 32 054043 043032 
32 54 032043 043054 
54 33 054043 043033 
33 54 033043 043054 
54 42 054043 043042 
42 54 042043 043054 
54 43 054043 
43 54 043054 
54 52 054053 053052 
52 54 052053 053054 
54 53 054053 
53 54 053054 
54 55 054065 065055 
55 54 055065 065054 
54 63 054065 065064 064063 
63 54 063064 064065 065054 
54 64 054065 065064 
64 54 064065 065054 
54 65 054065 
65 54 065054 
54 65 054065 
65 54 065054 
8 0 008009 009010 010000 
0 8 000010 010009 009008 
45 1 045034 034023 023012 012001 
1 45 001012 012023 023034 034045 
16 2 016015 015004 004003 003002 
2 16 002003 003004 004015 015016 
16 3 016015 015004 004003 
3 16 003004 004015 015016 
37 4 037026 026015 015004 
4 37 004015 015026 026037 
8 5 008007 007006 006005 
5 8 005006 006007 007008 
8 6 008007 007006 
6 8 006007 007008 
29 7 029018 018007 
7 29 007018 018029 
29 8 029018 018007 007008 
8 29 008007 007018 018029 
1 9 001000 000010 010009 
9 1 009010 010000 000001 
8 10 008009 009010 
10 8 010009 009008 
54 11 054043 043032 032021 021011 
11 54 011021 021032 032043 043054 
45 12 045034 034023 023012 
12 45 012023 023034 034045 
16 13 016015 015014 014013 
13 16 013014 014015 015016 
37 14 037026 026015 015014 
14 37 014015 015026 026037 
37 15 037026 026015 
15 37 015026 026037 
37 16 037026 026015 015016 
16 37 016015 015026 026037 
29 17 029018 018017 
17 29 017018 018029 
8 18 008007 007018 
18 8 018007 007008 
8 19 008007 007018 018019 
19 8 019018 018007 007008 
8 20 008007 007018 018019 019020 
20 8 020019 019018 018007 007008 
1 21 001000 000010 010021 
21 1 021010 010000 000001 
1 22 001012 012023 023022 
22 1 022023 023012 012001 
45 23 045034 034023 
23 45 023034 034045 
1 24 001012 012023 023024 
24 1 024023 023012 012001 
16 25 016015 015026 026025 
25 16 025026 026015 015016 
16 26 016015 015026 
26 16 026015 015016 
37 27 037026 026027 
27 37 027026 026037 
16 28 016027 027028 
28 16 028027 027016 
8 29 008007 007018 018029 
29 8 029018 018007 007008 
8 30 008007 007018 018029 029030 
30 8 030029 029018 018007 007008 
54 31 054043 043032 032031 
31 54 031032 032043 043054 
29 32 029030 030031 031032 
32 29 032031 031030 030029 
45 33 045034 034033 
33 45 033034 034045 
1 34 001012 012023 023034 
34 1 034023 023012 012001 
37 35 037036 036035 
35 37 035036 036037 
45 36 045034 034035 035036 
36 45 036035 035034 034045 
16 37 016015 015026 026037 
37 16 037026 026015 015016 
16 38 016027 027038 
38 16 038027 027016 
37 39 037038 038039 
39 37 039038 038037 
37 40 037038 038039 039040 
40 37 040039 039038 038037 
54 41 054043 043042 042041 
41 54 041042 042043 043054 
29 42 029040 040041 041042 
42 29 042041 041040 040029 
45 43 045044 044054 054043 
43 45 043054 054044 044045 
54 44 054044 
44 54 044054 
54 45 054044 044045 
45 54 045044 044054 
37 46 037048 048047 047046 
46 37 046047 047048 048037 
45 47 045046 046047 
47 45 047046 046045 
45 48 045046 046047 047048 
48 45 048047 047046 046045 
16 49 016027 027038 038049 
49 16 049038 038027 027016 
37 50 037048 048049 049050 
50 37 050049 049048 048037 
54 51 054053 053052 052051 
51 54 051052 052053 053054 
29 52 029040 040051 051052 
52 29 052051 051040 040029 
45 53 045044 044054 054053 
53 45 053054 054044 044045 
45 54 045044 044054 
54 45 054044 044045 
45 55 045056 056055 
55 45 055056 056045 
54 56 054065 065055 055056 
56 54 056055 055065 065054 
37 57 037048 048059 059058 058057 
57 37 057058 058059 059048 048037 
45 58 045056 056057 057058 
58 45 058057 057056 056045 
45 59 045046 046047 047048 048059 
59 45 059048 048047 047046 046045 
16 60 016027 027038 038049 049060 
60 16 060049 049038 038027 027016 
37 61 037048 048059 059060 060061 
61 37 061060 060059 059048 048037 
54 62 054053 053052 052051 051062 
62 54 062051 051052 052053 053054 
29 63 029040 040051 051062 062063 
63 29 063062 062051 051040 040029 
45 64 045044 044054 054065 065064 
64 45 064065 065054 054044 044045 
45 65 045044 044054 054065 
65 45 065054 054044 044045 
