0 1 000001 
1 0 001000 
0 2 000001 001002 
2 0 002001 001000 
0 3 000001 001002 002003 
3 0 003002 002001 001000 
0 10 000010 
10 0 010000 
0 11 000011 
11 0 011000 
0 12 000011 011012 
12 0 012011 011000 
0 21 000011 011021 
21 0 021011 011000 
0 22 000011 011022 
22 0 022011 011000 
8 6 008007 007006 
6 8 006007 007008 
8 7 008007 
7 8 007008 
8 9 008009 
9 8 009008 
8 18 008019 019018 
18 8 018019 019008 
8 19 008019 
19 8 019008 
8 20 008019 019020 
20 8 020019 019008 
30 29 030029 
29 30 029030 
30 31 030031 
31 30 031030 
30 32 030031 031032 
32 30 032031 031030 
30 40 030041 041040 
40 30 040041 041030 
30 41 030041 
41 30 041030 
30 42 030041 041042 
42 30 042041 041030 
27 4 027016 016005 005004 
4 27 004005 005016 016027 
27 5 027016 016005 
5 27 005016 016027 
27 14 027016 016015 015014 
14 27 014015 015016 016027 
27 15 027016 016015 
15 27 015016 016027 
27 16 027016 
16 27 016027 
27 17 027016 016017 
17 27 017016 016027 
27 26 027026 
26 27 026027 
27 28 027028 
28 27 028027 
27 37 027038 038037 
37 27 037038 038027 
27 38 027038 
38 27 038027 
27 39 027038 038039 
39 27 039038 038027 
27 48 027038 038049 049048 
48 27 048049 049038 038027 
27 49 027038 038049 
49 27 049038 038027 
27 59 027038 038049 049060 060059 
59 27 059060 060049 049038 038027 
27 60 027038 038049 049060 
60 27 060049 049038 038027 
35 13 035024 024013 
13 35 013024 024035 
35 23 035024 024023 
23 35 023024 024035 
35 24 035024 
24 35 024035 
35 25 035024 024025 
25 35 025024 024035 
35 34 035034 
34 35 034035 
35 36 035036 
36 35 036035 
35 46 035046 
46 35 046035 
35 47 035046 046047 
47 35 047046 046035 
35 57 035046 046057 
57 35 057046 046035 
35 58 035046 046057 057058 
58 35 058057 057046 046035 
44 33 044033 
33 44 033044 
44 43 044033 033043 
43 44 043033 033044 
44 45 044045 
45 44 045044 
44 54 044054 
54 44 054044 
44 55 044055 
55 44 055044 
44 56 044055 055056 
56 44 056055 055044 
44 65 044055 055065 
65 44 065055 055044 
52 50 052051 051050 
50 52 050051 051052 
52 51 052051 
51 52 051052 
52 53 052053 
53 52 053052 
52 61 052063 063062 062061 
61 52 061062 062063 063052 
52 62 052063 063062 
62 52 062063 063052 
52 63 052063 
63 52 063052 
52 64 052063 063064 
64 52 064063 063052 
52 64 052063 063064 
64 52 064063 063052 
8 0 008009 009010 010000 
0 8 000010 010009 009008 
35 1 035024 024013 013002 002001 
1 35 001002 002013 013024 024035 
35 2 035024 024013 013002 
2 35 002013 013024 024035 
27 3 027016 016005 005004 004003 
3 27 003004 004005 005016 016027 
0 4 000001 001002 002003 003004 
4 0 004003 003002 002001 001000 
8 5 008007 007006 006005 
5 8 005006 006007 007008 
27 6 027016 016005 005006 
6 27 006005 005016 016027 
30 7 030019 019008 008007 
7 30 007008 008019 019030 
30 8 030019 019008 
8 30 008019 019030 
0 9 000010 010009 
9 0 009010 010000 
8 10 008009 009010 
10 8 010009 009008 
44 11 044033 033022 022011 
11 44 011022 022033 033044 
35 12 035024 024013 013012 
12 35 012013 013024 024035 
0 13 000011 011012 012013 
13 0 013012 012011 011000 
35 14 035024 024013 013014 
14 35 014013 013024 024035 
35 15 035024 024013 013014 014015 
15 35 015014 014013 013024 024035 
8 16 008007 007006 006005 005016 
16 8 016005 005006 006007 007008 
8 17 008019 019018 018017 
17 8 017018 018019 019008 
30 18 030019 019018 
18 30 018019 019030 
30 19 030019 
19 30 019030 
30 20 030019 019020 
20 30 020019 019030 
8 21 008019 019020 020021 
21 8 021020 020019 019008 
44 22 044033 033022 
22 44 022033 033044 
0 23 000011 011022 022023 
23 0 023022 022011 011000 
27 24 027026 026025 025024 
24 27 024025 025026 026027 
27 25 027026 026025 
25 27 025026 026027 
35 26 035024 024025 025026 
26 35 026025 025024 024035 
30 27 030029 029028 028027 
27 30 027028 028029 029030 
30 28 030029 029028 
28 30 028029 029030 
27 29 027028 028029 
29 27 029028 028027 
8 30 008019 019030 
30 8 030019 019008 
8 31 008019 019030 030031 
31 8 031030 030019 019008 
0 32 000011 011022 022032 
32 0 032022 022011 011000 
35 33 035034 034033 
33 35 033034 034035 
44 34 044033 033034 
34 44 034033 033044 
44 35 044033 033034 034035 
35 44 035034 034033 033044 
27 36 027038 038037 037036 
36 27 036037 037038 038027 
35 37 035036 036037 
37 35 037036 036035 
35 38 035036 036037 037038 
38 35 038037 037036 036035 
30 39 030041 041040 040039 
39 30 039040 040041 041030 
52 40 052041 041040 
40 52 040041 041052 
52 41 052041 
41 52 041052 
52 42 052041 041042 
42 52 042041 041052 
30 43 030041 041042 042043 
43 30 043042 042041 041030 
35 44 035034 034033 033044 
44 35 044033 033034 034035 
35 45 035046 046045 
45 35 045046 046035 
44 46 044045 045046 
46 44 046045 045044 
44 47 044045 045046 046047 
47 44 047046 046045 045044 
35 48 035046 046047 047048 
48 35 048047 047046 046035 
52 49 052051 051050 050049 
49 52 049050 050051 051052 
27 50 027038 038049 049050 
50 27 050049 049038 038027 
30 51 030041 041052 052051 
51 30 051052 052041 041030 
30 52 030041 041052 
52 30 052041 041030 
44 53 044054 054053 
53 44 053054 054044 
52 54 052053 053054 
54 52 054053 053052 
52 55 052063 063064 064065 065055 
55 52 055065 065064 064063 063052 
35 56 035046 046057 057056 
56 35 056057 057046 046035 
44 57 044055 055056 056057 
57 44 057056 056055 055044 
44 58 044055 055056 056057 057058 
58 44 058057 057056 056055 055044 
35 59 035046 046057 057058 058059 
59 35 059058 058057 057046 046035 
52 60 052051 051050 050049 049060 
60 52 060049 049050 050051 051052 
27 61 027038 038049 049060 060061 
61 27 061060 060049 049038 038027 
30 62 030041 041052 052063 063062 
62 30 062063 063052 052041 041030 
30 63 030041 041052 052063 
63 30 063052 052041 041030 
44 64 044055 055065 065064 
64 44 064065 065055 055044 
52 65 052063 063064 064065 
65 52 065064 064063 063052 
