1 0 001000 
0 1 000001 
1 2 001002 
2 1 002001 
1 3 001002 002003 
3 1 003002 002001 
1 11 001012 012011 
11 1 011012 012001 
1 12 001012 
12 1 012001 
1 13 001012 012013 
13 1 013012 012001 
1 22 001012 012023 023022 
22 1 022023 023012 012001 
1 23 001012 012023 
23 1 023012 012001 
20 8 020009 009008 
8 20 008009 009020 
20 9 020009 
9 20 009020 
20 10 020009 009010 
10 20 010009 009020 
20 19 020019 
19 20 019020 
20 21 020021 
21 20 021020 
20 31 020031 
31 20 031020 
20 32 020031 031032 
32 20 032031 031020 
29 6 029018 018007 007006 
6 29 006007 007018 018029 
29 7 029018 018007 
7 29 007018 018029 
29 17 029018 018017 
17 29 017018 018029 
29 18 029018 
18 29 018029 
29 28 029028 
28 29 028029 
29 30 029030 
30 29 030029 
29 39 029040 040039 
39 29 039040 040029 
29 40 029040 
40 29 040029 
29 41 029040 040041 
41 29 041040 040029 
29 51 029040 040051 
51 29 051040 040029 
29 62 029040 040051 051062 
62 29 062051 051040 040029 
26 4 026015 015004 
4 26 004015 015026 
26 5 026015 015004 004005 
5 26 005004 004015 015026 
26 14 026015 015014 
14 26 014015 015026 
26 15 026015 
15 26 015026 
26 16 026015 015016 
16 26 016015 015026 
26 24 026025 025024 
24 26 024025 025026 
26 25 026025 
25 26 025026 
26 27 026027 
27 26 027026 
26 36 026037 037036 
36 26 036037 037026 
26 37 026037 
37 26 037026 
26 38 026037 037038 
38 26 038037 037026 
48 47 048047 
47 48 047048 
48 49 048049 
49 48 049048 
48 50 048049 049050 
50 48 050049 049048 
48 58 048059 059058 
58 48 058059 059048 
48 59 048059 
59 48 059048 
48 60 048059 059060 
60 48 060059 059048 
48 61 048059 059060 060061 
61 48 061060 060059 059048 
45 33 045034 034033 
33 45 033034 034045 
45 34 045034 
34 45 034045 
45 35 045034 034035 
35 45 035034 034045 
45 44 045044 
44 45 044045 
45 46 045046 
46 45 046045 
45 55 045056 056055 
55 45 055056 056045 
45 56 045056 
56 45 056045 
45 57 045056 056057 
57 45 057056 056045 
53 42 053042 
42 53 042053 
53 43 053042 042043 
43 53 043042 042053 
53 52 053052 
52 53 052053 
53 54 053054 
54 53 054053 
53 63 053064 064063 
63 53 063064 064053 
53 64 053064 
64 53 064053 
53 65 053064 064065 
65 53 065064 064053 
53 65 053064 064065 
65 53 065064 064053 
20 0 020009 009010 010000 
0 20 000010 010009 009020 
45 1 045034 034023 023012 012001 
1 45 001012 012023 023034 034045 
26 2 026015 015004 004003 003002 
2 26 002003 003004 004015 015026 
26 3 026015 015004 004003 
3 26 003004 004015 015026 
1 4 001002 002003 003004 
4 1 004003 003002 002001 
29 5 029018 018007 007006 006005 
5 29 005006 006007 007018 018029 
26 6 026015 015004 004005 005006 
6 26 006005 005004 004015 015026 
20 7 020019 019018 018007 
7 20 007018 018019 019020 
29 8 029018 018007 007008 
8 29 008007 007018 018029 
1 9 001000 000010 010009 
9 1 009010 010000 000001 
1 10 001000 000010 
10 1 010000 000001 
20 11 020021 021011 
11 20 011021 021020 
45 12 045034 034023 023012 
12 45 012023 023034 034045 
26 13 026015 015014 014013 
13 26 013014 014015 015026 
1 14 001012 012013 013014 
14 1 014013 013012 012001 
48 15 048037 037026 026015 
15 48 015026 026037 037048 
29 16 029018 018017 017016 
16 29 016017 017018 018029 
26 17 026015 015016 016017 
17 26 017016 016015 015026 
20 18 020019 019018 
18 20 018019 019020 
29 19 029018 018019 
19 29 019018 018029 
53 20 053042 042031 031020 
20 53 020031 031042 042053 
1 21 001012 012011 011021 
21 1 021011 011012 012001 
45 22 045034 034023 023022 
22 45 022023 023034 034045 
45 23 045034 034023 
23 45 023034 034045 
1 24 001012 012023 023024 
24 1 024023 023012 012001 
48 25 048037 037026 026025 
25 48 025026 026037 037048 
48 26 048037 037026 
26 48 026037 037048 
29 27 029028 028027 
27 29 027028 028029 
26 28 026027 027028 
28 26 028027 027026 
20 29 020019 019018 018029 
29 20 029018 018019 019020 
20 30 020031 031030 
30 20 030031 031020 
53 31 053042 042031 
31 53 031042 042053 
53 32 053042 042031 031032 
32 53 032031 031042 042053 
53 33 053042 042043 043033 
33 53 033043 043042 042053 
1 34 001012 012023 023034 
34 1 034023 023012 012001 
26 35 026037 037036 036035 
35 26 035036 036037 037026 
48 36 048037 037036 
36 48 036037 037048 
48 37 048037 
37 48 037048 
48 38 048037 037038 
38 48 038037 037048 
26 39 026037 037038 038039 
39 26 039038 038037 037026 
53 40 053052 052051 051040 
40 53 040051 051052 052053 
53 41 053042 042041 
41 53 041042 042053 
20 42 020031 031042 
42 20 042031 031020 
45 43 045034 034033 033043 
43 45 043033 033034 034045 
53 44 053054 054044 
44 53 044054 054053 
48 45 048047 047046 046045 
45 48 045046 046047 047048 
48 46 048047 047046 
46 48 046047 047048 
45 47 045046 046047 
47 45 047046 046045 
26 48 026037 037048 
48 26 048037 037026 
26 49 026037 037048 048049 
49 26 049048 048037 037026 
29 50 029040 040051 051050 
50 29 050051 051040 040029 
53 51 053052 052051 
51 53 051052 052053 
29 52 029040 040051 051052 
52 29 052051 051040 040029 
20 53 020031 031042 042053 
53 20 053042 042031 031020 
45 54 045044 044054 
54 45 054044 044045 
53 55 053064 064065 065055 
55 53 055065 065064 064053 
48 56 048047 047046 046045 045056 
56 48 056045 045046 046047 047048 
48 57 048059 059058 058057 
57 48 057058 058059 059048 
45 58 045056 056057 057058 
58 45 058057 057056 056045 
26 59 026037 037048 048059 
59 26 059048 048037 037026 
26 60 026037 037048 048059 059060 
60 26 060059 059048 048037 037026 
29 61 029040 040051 051062 062061 
61 29 061062 062051 051040 040029 
53 62 053052 052051 051062 
62 53 062051 051052 052053 
29 63 029040 040051 051062 062063 
63 29 063062 062051 051040 040029 
20 64 020031 031042 042053 053064 
64 20 064053 053042 042031 031020 
45 65 045056 056055 055065 
65 45 065055 055056 056045 
