0 1 000001 
1 0 001000 
0 2 000001 001002 
2 0 002001 001000 
0 10 000010 
10 0 010000 
0 11 000011 
11 0 011000 
0 12 000011 011012 
12 0 012011 011000 
0 22 000011 011022 
22 0 022011 011000 
20 8 020009 009008 
8 20 008009 009020 
20 9 020009 
9 20 009020 
20 19 020019 
19 20 019020 
20 21 020021 
21 20 021020 
20 30 020031 031030 
30 20 030031 031020 
20 31 020031 
31 20 031020 
20 32 020031 031032 
32 20 032031 031020 
17 4 017006 006005 005004 
4 17 004005 005006 006017 
17 5 017006 006005 
5 17 005006 006017 
17 6 017006 
6 17 006017 
17 7 017006 006007 
7 17 007006 006017 
17 15 017016 016015 
15 17 015016 016017 
17 16 017016 
16 17 016017 
17 18 017018 
18 17 018017 
17 28 017028 
28 17 028017 
17 29 017028 028029 
29 17 029028 028017 
38 27 038027 
27 38 027038 
38 37 038037 
37 38 037038 
38 39 038039 
39 38 039038 
38 40 038039 039040 
40 38 040039 039038 
38 49 038049 
49 38 049038 
38 50 038039 039050 
50 38 050039 039038 
38 60 038049 049060 
60 38 060049 049038 
38 61 038039 039050 050061 
61 38 061050 050039 039038 
36 3 036025 025014 014003 
3 36 003014 014025 025036 
36 13 036025 025014 014013 
13 36 013014 014025 025036 
36 14 036025 025014 
14 36 014025 025036 
36 23 036025 025024 024023 
23 36 023024 024025 025036 
36 24 036025 025024 
24 36 024025 025036 
36 25 036025 
25 36 025036 
36 26 036025 025026 
26 36 026025 025036 
36 35 036035 
35 36 035036 
36 46 036047 047046 
46 36 046047 047036 
36 47 036047 
47 36 047036 
36 48 036047 047048 
48 36 048047 047036 
36 57 036047 047058 058057 
57 36 057058 058047 047036 
36 58 036047 047058 
58 36 058047 047036 
36 59 036047 047058 058059 
59 36 059058 058047 047036 
44 33 044033 
33 44 033044 
44 34 044033 033034 
34 44 034033 033044 
44 45 044045 
45 44 045044 
44 54 044054 
54 44 054044 
44 55 044055 
55 44 055044 
44 56 044055 055056 
56 44 056055 055044 
53 41 053042 042041 
41 53 041042 042053 
53 42 053042 
42 53 042053 
53 43 053042 042043 
43 53 043042 042053 
53 51 053052 052051 
51 53 051052 052053 
53 52 053052 
52 53 052053 
53 62 053064 064063 063062 
62 53 062063 063064 064053 
53 63 053064 064063 
63 53 063064 064053 
53 64 053064 
64 53 064053 
53 65 053064 064065 
65 53 065064 064053 
53 65 053064 064065 
65 53 065064 064053 
20 0 020009 009010 010000 
0 20 000010 010009 009020 
20 1 020009 009010 010000 000001 
1 20 001000 000010 010009 009020 
36 2 036025 025014 014003 003002 
2 36 002003 003014 014025 025036 
0 3 000001 001002 002003 
3 0 003002 002001 001000 
36 4 036025 025014 014003 003004 
4 36 004003 003014 014025 025036 
38 5 038027 027016 016005 
5 38 005016 016027 027038 
38 6 038039 039028 028017 017006 
6 38 006017 017028 028039 039038 
20 7 020009 009008 008007 
7 20 007008 008009 009020 
17 8 017006 006007 007008 
8 17 008007 007006 006017 
0 9 000010 010009 
9 0 009010 010000 
20 10 020009 009010 
10 20 010009 009020 
20 11 020021 021011 
11 20 011021 021020 
20 12 020021 021011 011012 
12 20 012011 011021 021020 
0 13 000011 011012 012013 
13 0 013012 012011 011000 
17 14 017016 016015 015014 
14 17 014015 015016 016017 
36 15 036025 025014 014015 
15 36 015014 014025 025036 
38 16 038027 027016 
16 38 016027 027038 
38 17 038039 039028 028017 
17 38 017028 028039 039038 
20 18 020019 019018 
18 20 018019 019020 
17 19 017018 018019 
19 17 019018 018017 
53 20 053042 042031 031020 
20 53 020031 031042 042053 
0 21 000011 011021 
21 0 021011 011000 
44 22 044033 033022 
22 44 022033 033044 
0 23 000011 011022 022023 
23 0 023022 022011 011000 
38 24 038037 037036 036025 025024 
24 38 024025 025036 036037 037038 
38 25 038037 037036 036025 
25 38 025036 036037 037038 
38 26 038037 037026 
26 38 026037 037038 
17 27 017028 028027 
27 17 027028 028017 
38 28 038039 039028 
28 38 028039 039038 
38 29 038039 039028 028029 
29 38 029028 028039 039038 
17 30 017028 028029 029030 
30 17 030029 029028 028017 
53 31 053042 042031 
31 53 031042 042053 
53 32 053042 042031 031032 
32 53 032031 031042 042053 
0 33 000011 011022 022033 
33 0 033022 022011 011000 
36 34 036035 035034 
34 36 034035 035036 
44 35 044033 033034 034035 
35 44 035034 034033 033044 
38 36 038037 037036 
36 38 036037 037038 
36 37 036037 
37 36 037036 
36 38 036037 037038 
38 36 038037 037036 
17 39 017028 028039 
39 17 039028 028017 
17 40 017028 028039 039040 
40 17 040039 039028 028017 
20 41 020031 031042 042041 
41 20 041042 042031 031020 
20 42 020031 031042 
42 20 042031 031020 
44 43 044033 033043 
43 44 043033 033044 
53 44 053054 054044 
44 53 044054 054053 
36 45 036047 047046 046045 
45 36 045046 046047 047036 
44 46 044045 045046 
46 44 046045 045044 
38 47 038037 037036 036047 
47 38 047036 036037 037038 
38 48 038037 037048 
48 38 048037 037038 
36 49 036047 047048 048049 
49 36 049048 048047 047036 
17 50 017028 028039 039050 
50 17 050039 039028 028017 
38 51 038039 039050 050051 
51 38 051050 050039 039038 
44 52 044054 054053 053052 
52 44 052053 053054 054044 
44 53 044054 054053 
53 44 053054 054044 
53 54 053054 
54 53 054053 
53 55 053064 064065 065055 
55 53 055065 065064 064053 
36 56 036047 047058 058057 057056 
56 36 056057 057058 058047 047036 
44 57 044055 055056 056057 
57 44 057056 056055 055044 
38 58 038037 037036 036047 047058 
58 38 058047 047036 036037 037038 
38 59 038037 037048 048059 
59 38 059048 048037 037038 
36 60 036047 047058 058059 059060 
60 36 060059 059058 058047 047036 
17 61 017028 028039 039050 050061 
61 17 061050 050039 039028 028017 
38 62 038039 039050 050061 061062 
62 38 062061 061050 050039 039038 
44 63 044054 054053 053064 064063 
63 44 063064 064053 053054 054044 
44 64 044054 054053 053064 
64 44 064053 053054 054044 
44 65 044055 055065 
65 44 065055 055044 
