1 0 001000 
0 1 000001 
1 2 001002 
2 1 002001 
1 3 001002 002003 
3 1 003002 002001 
1 11 001012 012011 
11 1 011012 012001 
1 12 001012 
12 1 012001 
1 13 001012 012013 
13 1 013012 012001 
1 23 001012 012023 
23 1 023012 012001 
20 8 020009 009008 
8 20 008009 009020 
20 9 020009 
9 20 009020 
20 10 020009 009010 
10 20 010009 009020 
20 19 020019 
19 20 019020 
20 21 020021 
21 20 021020 
20 22 020031 031032 032022 
22 20 022032 032031 031020 
20 30 020031 031030 
30 20 030031 031020 
20 31 020031 
31 20 031020 
20 32 020031 031032 
32 20 032031 031020 
6 4 006005 005004 
4 6 004005 005006 
6 5 006005 
5 6 005006 
6 7 006007 
7 6 007006 
6 15 006017 017016 016015 
15 6 015016 016017 017006 
6 16 006017 017016 
16 6 016017 017006 
6 17 006017 
17 6 017006 
6 18 006017 017018 
18 6 018017 017006 
28 27 028027 
27 28 027028 
28 29 028029 
29 28 029028 
28 38 028039 039038 
38 28 038039 039028 
28 39 028039 
39 28 039028 
28 40 028039 039040 
40 28 040039 039028 
28 49 028039 039050 050049 
49 28 049050 050039 039028 
28 50 028039 039050 
50 28 050039 039028 
28 60 028039 039050 050061 061060 
60 28 060061 061050 050039 039028 
28 61 028039 039050 050061 
61 28 061050 050039 039028 
36 14 036025 025014 
14 36 014025 025036 
36 24 036025 025024 
24 36 024025 025036 
36 25 036025 
25 36 025036 
36 26 036025 025026 
26 36 026025 025036 
36 35 036035 
35 36 035036 
36 37 036037 
37 36 037036 
36 47 036047 
47 36 047036 
36 48 036047 047048 
48 36 048047 047036 
36 58 036047 047058 
58 36 058047 047036 
36 59 036047 047058 058059 
59 36 059058 058047 047036 
45 33 045034 034033 
33 45 033034 034045 
45 34 045034 
34 45 034045 
45 44 045044 
44 45 044045 
45 46 045046 
46 45 046045 
45 55 045056 056055 
55 45 055056 056045 
45 56 045056 
56 45 056045 
45 57 045056 056057 
57 45 057056 056045 
53 41 053042 042041 
41 53 041042 042053 
53 42 053042 
42 53 042053 
53 43 053042 042043 
43 53 043042 042053 
53 51 053052 052051 
51 53 051052 052053 
53 52 053052 
52 53 052053 
53 54 053054 
54 53 054053 
53 62 053064 064063 063062 
62 53 062063 063064 064053 
53 63 053064 064063 
63 53 063064 064053 
53 64 053064 
64 53 064053 
53 65 053064 064065 
65 53 065064 064053 
53 65 053064 064065 
65 53 065064 064053 
20 0 020009 009010 010000 
0 20 000010 010009 009020 
45 1 045034 034023 023012 012001 
1 45 001012 012023 023034 034045 
36 2 036025 025014 014003 003002 
2 36 002003 003014 014025 025036 
36 3 036025 025014 014003 
3 36 003014 014025 025036 
1 4 001002 002003 003004 
4 1 004003 003002 002001 
28 5 028017 017006 006005 
5 28 005006 006017 017028 
28 6 028017 017006 
6 28 006017 017028 
28 7 028017 017006 006007 
7 28 007006 006017 017028 
6 8 006007 007008 
8 6 008007 007006 
1 9 001000 000010 010009 
9 1 009010 010000 000001 
1 10 001000 000010 
10 1 010000 000001 
20 11 020021 021011 
11 20 011021 021020 
45 12 045034 034023 023012 
12 45 012023 023034 034045 
36 13 036025 025014 014013 
13 36 013014 014025 025036 
1 14 001012 012013 013014 
14 1 014013 013012 012001 
28 15 028017 017016 016015 
15 28 015016 016017 017028 
28 16 028017 017016 
16 28 016017 017028 
28 17 028017 
17 28 017028 
28 18 028017 017018 
18 28 018017 017028 
6 19 006017 017018 018019 
19 6 019018 018017 017006 
53 20 053042 042031 031020 
20 53 020031 031042 042053 
1 21 001012 012011 011021 
21 1 021011 011012 012001 
1 22 001012 012023 023022 
22 1 022023 023012 012001 
45 23 045034 034023 
23 45 023034 034045 
1 24 001012 012023 023024 
24 1 024023 023012 012001 
28 25 028027 027026 026025 
25 28 025026 026027 027028 
28 26 028027 027026 
26 28 026027 027028 
6 27 006017 017028 028027 
27 6 027028 028017 017006 
6 28 006017 017028 
28 6 028017 017006 
6 29 006017 017028 028029 
29 6 029028 028017 017006 
28 30 028029 029030 
30 28 030029 029028 
53 31 053042 042031 
31 53 031042 042053 
53 32 053042 042031 031032 
32 53 032031 031042 042053 
53 33 053042 042043 043033 
33 53 033043 043042 042053 
36 34 036035 035034 
34 36 034035 035036 
45 35 045034 034035 
35 45 035034 034045 
45 36 045034 034035 035036 
36 45 036035 035034 034045 
28 37 028039 039038 038037 
37 28 037038 038039 039028 
36 38 036037 037038 
38 36 038037 037036 
6 39 006017 017028 028039 
39 6 039028 028017 017006 
53 40 053042 042041 041040 
40 53 040041 041042 042053 
20 41 020031 031042 042041 
41 20 041042 042031 031020 
20 42 020031 031042 
42 20 042031 031020 
20 43 020031 031042 042043 
43 20 043042 042031 031020 
53 44 053054 054044 
44 53 044054 054053 
36 45 036035 035034 034045 
45 36 045034 034035 035036 
36 46 036047 047046 
46 36 046047 047036 
45 47 045046 046047 
47 45 047046 046045 
45 48 045046 046047 047048 
48 45 048047 047046 046045 
36 49 036047 047048 048049 
49 36 049048 048047 047036 
53 50 053052 052051 051050 
50 53 050051 051052 052053 
28 51 028039 039050 050051 
51 28 051050 050039 039028 
20 52 020031 031042 042053 053052 
52 20 052053 053042 042031 031020 
20 53 020031 031042 042053 
53 20 053042 042031 031020 
45 54 045044 044054 
54 45 054044 044045 
53 55 053064 064065 065055 
55 53 055065 065064 064053 
53 56 053064 064065 065055 055056 
56 53 056055 055065 065064 064053 
36 57 036047 047058 058057 
57 36 057058 058047 047036 
45 58 045056 056057 057058 
58 45 058057 057056 056045 
45 59 045056 056057 057058 058059 
59 45 059058 058057 057056 056045 
36 60 036047 047058 058059 059060 
60 36 060059 059058 058047 047036 
53 61 053052 052051 051050 050061 
61 53 061050 050051 051052 052053 
28 62 028039 039050 050061 061062 
62 28 062061 061050 050039 039028 
20 63 020031 031042 042053 053064 064063 
63 20 063064 064053 053042 042031 031020 
20 64 020031 031042 042053 053064 
64 20 064053 053042 042031 031020 
45 65 045056 056055 055065 
65 45 065055 055056 056045 
