0 1 000001 
1 0 001000 
0 2 000001 001002 
2 0 002001 001000 
0 10 000010 
10 0 010000 
20 8 020019 019008 
8 20 008019 019020 
20 9 020009 
9 20 009020 
20 11 020021 021011 
11 20 011021 021020 
20 19 020019 
19 20 019020 
20 21 020021 
21 20 021020 
20 31 020031 
31 20 031020 
29 6 029018 018007 007006 
6 29 006007 007018 018029 
29 7 029018 018007 
7 29 007018 018029 
29 17 029018 018017 
17 29 017018 018029 
29 18 029018 
18 29 018029 
29 28 029028 
28 29 028029 
29 30 029030 
30 29 030029 
29 39 029040 040039 
39 29 039040 040029 
29 40 029040 
40 29 040029 
29 41 029040 040041 
41 29 041040 040029 
29 50 029040 040051 051050 
50 29 050051 051040 040029 
29 51 029040 040051 
51 29 051040 040029 
29 61 029040 040051 051062 062061 
61 29 061062 062051 051040 040029 
29 62 029040 040051 051062 
62 29 062051 051040 040029 
26 3 026015 015004 004003 
3 26 003004 004015 015026 
26 4 026015 015004 
4 26 004015 015026 
26 5 026015 015004 004005 
5 26 005004 004015 015026 
26 14 026015 015014 
14 26 014015 015026 
26 15 026015 
15 26 015026 
26 16 026015 015016 
16 26 016015 015026 
26 25 026025 
25 26 025026 
26 27 026027 
27 26 027026 
26 37 026037 
37 26 037026 
26 38 026037 037038 
38 26 038037 037026 
26 48 026037 037048 
48 26 048037 037026 
26 49 026037 037048 048049 
49 26 049048 048037 037026 
26 59 026037 037048 048059 
59 26 059048 048037 037026 
26 60 026037 037048 048059 059060 
60 26 060059 059048 048037 037026 
35 12 035024 024013 013012 
12 35 012013 013024 024035 
35 13 035024 024013 
13 35 013024 024035 
35 23 035024 024023 
23 35 023024 024035 
35 24 035024 
24 35 024035 
35 34 035034 
34 35 034035 
35 36 035036 
36 35 036035 
35 46 035046 
46 35 046035 
35 47 035046 046047 
47 35 047046 046035 
35 57 035046 046057 
57 35 057046 046035 
35 58 035046 046057 057058 
58 35 058057 057046 046035 
44 45 044045 
45 44 045044 
54 22 054043 043032 032022 
22 54 022032 032043 043054 
54 32 054043 043032 
32 54 032043 043054 
54 33 054043 043033 
33 54 033043 043054 
54 42 054043 043042 
42 54 042043 043054 
54 43 054043 
43 54 043054 
54 52 054053 053052 
52 54 052053 053054 
54 53 054053 
53 54 053054 
54 55 054065 065055 
55 54 055065 065054 
54 56 054065 065055 055056 
56 54 056055 055065 065054 
54 63 054065 065064 064063 
63 54 063064 064065 065054 
54 64 054065 065064 
64 54 064065 065054 
54 65 054065 
65 54 065054 
54 65 054065 
65 54 065054 
20 0 020021 021010 010000 
0 20 000010 010021 021020 
35 1 035024 024013 013002 002001 
1 35 001002 002013 013024 024035 
35 2 035024 024013 013002 
2 35 002013 013024 024035 
0 3 000001 001002 002003 
3 0 003002 002001 001000 
0 4 000001 001002 002003 003004 
4 0 004003 003002 002001 001000 
29 5 029018 018007 007006 006005 
5 29 005006 006007 007018 018029 
20 6 020019 019018 018007 007006 
6 20 006007 007018 018019 019020 
20 7 020019 019018 018007 
7 20 007018 018019 019020 
29 8 029018 018007 007008 
8 29 008007 007018 018029 
0 9 000010 010009 
9 0 009010 010000 
20 10 020021 021010 
10 20 010021 021020 
0 11 000010 010021 021011 
11 0 011021 021010 010000 
20 12 020021 021011 011012 
12 20 012011 011021 021020 
0 13 000001 001002 002013 
13 0 013002 002001 001000 
35 14 035024 024013 013014 
14 35 014013 013024 024035 
29 15 029018 018017 017016 016015 
15 29 015016 016017 017018 018029 
29 16 029018 018017 017016 
16 29 016017 017018 018029 
26 17 026015 015016 016017 
17 26 017016 016015 015026 
20 18 020019 019018 
18 20 018019 019020 
29 19 029018 018019 
19 29 019018 018029 
0 20 000010 010021 021020 
20 0 020021 021010 010000 
0 21 000010 010021 
21 0 021010 010000 
20 22 020021 021032 032022 
22 20 022032 032021 021020 
26 23 026025 025024 024023 
23 26 023024 024025 025026 
26 24 026025 025024 
24 26 024025 025026 
35 25 035024 024025 
25 35 025024 024035 
35 26 035024 024025 025026 
26 35 026025 025024 024035 
29 27 029028 028027 
27 29 027028 028029 
26 28 026027 027028 
28 26 028027 027026 
20 29 020019 019018 018029 
29 20 029018 018019 019020 
20 30 020019 019030 
30 20 030019 019020 
29 31 029030 030031 
31 29 031030 030029 
20 32 020021 021032 
32 20 032021 021020 
35 33 035034 034033 
33 35 033034 034035 
54 34 054043 043033 033034 
34 54 034033 033043 043054 
26 35 026025 025024 024035 
35 26 035024 024025 025026 
26 36 026037 037036 
36 26 036037 037026 
35 37 035036 036037 
37 35 037036 036035 
29 38 029040 040039 039038 
38 29 038039 039040 040029 
26 39 026037 037038 038039 
39 26 039038 038037 037026 
20 40 020019 019018 018029 029040 
40 20 040029 029018 018019 019020 
54 41 054043 043042 042041 
41 54 041042 042043 043054 
20 42 020031 031042 
42 20 042031 031020 
44 43 044054 054043 
43 44 043054 054044 
54 44 054044 
44 54 044054 
35 45 035046 046045 
45 35 045046 046035 
44 46 044045 045046 
46 44 046045 045044 
26 47 026037 037048 048047 
47 26 047048 048037 037026 
35 48 035046 046047 047048 
48 35 048047 047046 046035 
29 49 029040 040051 051050 050049 
49 29 049050 050051 051040 040029 
26 50 026037 037048 048049 049050 
50 26 050049 049048 048037 037026 
54 51 054053 053052 052051 
51 54 051052 052053 053054 
29 52 029040 040051 051052 
52 29 052051 051040 040029 
44 53 044054 054053 
53 44 053054 054044 
44 54 044054 
54 44 054044 
44 55 044054 054065 065055 
55 44 055065 065054 054044 
35 56 035046 046057 057056 
56 35 056057 057046 046035 
44 57 044045 045046 046057 
57 44 057046 046045 045044 
26 58 026037 037048 048059 059058 
58 26 058059 059048 048037 037026 
35 59 035046 046057 057058 058059 
59 35 059058 058057 057046 046035 
29 60 029040 040051 051062 062061 061060 
60 29 060061 061062 062051 051040 040029 
54 61 054053 053052 052051 051062 062061 
61 54 061062 062051 051052 052053 053054 
54 62 054053 053052 052051 051062 
62 54 062051 051052 052053 053054 
29 63 029040 040051 051062 062063 
63 29 063062 062051 051040 040029 
44 64 044054 054065 065064 
64 44 064065 065054 054044 
44 65 044054 054065 
65 44 065054 054044 
