10 0 010000 
0 10 000010 
10 1 010000 000001 
1 10 001000 000010 
10 7 010009 009008 008007 
7 10 007008 008009 009010 
10 8 010009 009008 
8 10 008009 009010 
10 9 010009 
9 10 009010 
10 11 010021 021011 
11 10 011021 021010 
10 20 010021 021020 
20 10 020021 021010 
10 21 010021 
21 10 021010 
10 32 010021 021032 
32 10 032021 021010 
10 43 010021 021032 032043 
43 10 043032 032021 021010 
35 2 035024 024013 013002 
2 35 002013 013024 024035 
35 12 035024 024013 013012 
12 35 012013 013024 024035 
35 13 035024 024013 
13 35 013024 024035 
35 22 035024 024023 023022 
22 35 022023 023024 024035 
35 23 035024 024023 
23 35 023024 024035 
35 24 035024 
24 35 024035 
35 25 035024 024025 
25 35 025024 024035 
35 33 035034 034033 
33 35 033034 034035 
35 34 035034 
34 35 034035 
35 36 035036 
36 35 036035 
35 44 035046 046045 045044 
44 35 044045 045046 046035 
35 45 035046 046045 
45 35 045046 046035 
35 46 035046 
46 35 046035 
35 47 035046 046047 
47 35 047046 046035 
35 55 035046 046057 057056 056055 
55 35 055056 056057 057046 046035 
35 56 035046 046057 057056 
56 35 056057 057046 046035 
35 57 035046 046057 
57 35 057046 046035 
35 58 035046 046057 057058 
58 35 058057 057046 046035 
15 3 015014 014003 
3 15 003014 014015 
15 4 015004 
4 15 004015 
15 5 015016 016005 
5 15 005016 016015 
15 6 015016 016005 005006 
6 15 006005 005016 016015 
15 14 015014 
14 15 014015 
15 16 015016 
16 15 016015 
15 17 015016 016017 
17 15 017016 016015 
15 18 015016 016017 017018 
18 15 018017 017016 016015 
15 26 015026 
26 15 026015 
38 27 038027 
27 38 027038 
38 28 038027 027028 
28 38 028027 027038 
38 29 038027 027028 028029 
29 38 029028 028027 027038 
38 37 038037 
37 38 037038 
38 39 038039 
39 38 039038 
38 48 038049 049048 
48 38 048049 049038 
38 49 038049 
49 38 049038 
38 50 038049 049050 
50 38 050049 049038 
38 59 038049 049060 060059 
59 38 059060 060049 049038 
38 60 038049 049060 
60 38 060049 049038 
38 61 038049 049060 060061 
61 38 061060 060049 049038 
52 19 052041 041030 030019 
19 52 019030 030041 041052 
52 30 052041 041030 
30 52 030041 041052 
52 31 052041 041030 030031 
31 52 031030 030041 041052 
52 40 052041 041040 
40 52 040041 041052 
52 41 052041 
41 52 041052 
52 42 052041 041042 
42 52 042041 041052 
52 51 052051 
51 52 051052 
52 53 052053 
53 52 053052 
52 54 052053 053054 
54 52 054053 053052 
52 62 052063 063062 
62 52 062063 063052 
52 63 052063 
63 52 063052 
52 64 052063 063064 
64 52 064063 063052 
52 65 052063 063064 064065 
65 52 065064 064063 063052 
52 65 052063 063064 064065 
65 52 065064 064063 063052 
35 0 035024 024013 013002 002001 001000 
0 35 000001 001002 002013 013024 024035 
35 1 035024 024013 013002 002001 
1 35 001002 002013 013024 024035 
15 2 015014 014013 013002 
2 15 002013 013014 014015 
35 3 035024 024013 013002 002003 
3 35 003002 002013 013024 024035 
38 4 038027 027016 016005 005004 
4 38 004005 005016 016027 027038 
38 5 038027 027016 016005 
5 38 005016 016027 027038 
38 6 038027 027016 016005 005006 
6 38 006005 005016 016027 027038 
15 7 015016 016005 005006 006007 
7 15 007006 006005 005016 016015 
52 8 052041 041030 030019 019008 
8 52 008019 019030 030041 041052 
52 9 052041 041030 030019 019008 008009 
9 52 009008 008019 019030 030041 041052 
35 10 035024 024013 013002 002001 001000 000010 
10 35 010000 000001 001002 002013 013024 024035 
35 11 035024 024013 013012 012011 
11 35 011012 012013 013024 024035 
10 12 010021 021011 011012 
12 10 012011 011021 021010 
15 13 015014 014013 
13 15 013014 014015 
35 14 035024 024013 013014 
14 35 014013 013024 024035 
38 15 038027 027016 016015 
15 38 015016 016027 027038 
38 16 038027 027016 
16 38 016027 027038 
38 17 038027 027016 016017 
17 38 017016 016027 027038 
38 18 038027 027016 016017 017018 
18 38 018017 017016 016027 027038 
10 19 010009 009008 008019 
19 10 019008 008009 009010 
52 20 052041 041030 030019 019020 
20 52 020019 019030 030041 041052 
35 21 035024 024013 013012 012011 011021 
21 35 021011 011012 012013 013024 024035 
10 22 010021 021032 032022 
22 10 022032 032021 021010 
15 23 015014 014013 013024 024023 
23 15 023024 024013 013014 014015 
15 24 015014 014013 013024 
24 15 024013 013014 014015 
15 25 015014 014025 
25 15 025014 014015 
38 26 038027 027026 
26 38 026027 027038 
15 27 015016 016027 
27 15 027016 016015 
15 28 015016 016027 027028 
28 15 028027 027016 016015 
52 29 052041 041030 030029 
29 52 029030 030041 041052 
38 30 038027 027028 028029 029030 
30 38 030029 029028 028027 027038 
10 31 010021 021032 032031 
31 10 031032 032021 021010 
35 32 035024 024023 023022 022032 
32 35 032022 022023 023024 024035 
10 33 010021 021032 032043 043033 
33 10 033043 043032 032021 021010 
38 34 038037 037036 036035 035034 
34 38 034035 035036 036037 037038 
38 35 038037 037036 036035 
35 38 035036 036037 037038 
38 36 038037 037036 
36 38 036037 037038 
35 37 035036 036037 
37 35 037036 036035 
15 38 015016 016027 027038 
38 15 038027 027016 016015 
52 39 052041 041040 040039 
39 52 039040 040041 041052 
38 40 038039 039040 
40 38 040039 039038 
38 41 038039 039040 040041 
41 38 041040 040039 039038 
10 42 010021 021032 032043 043042 
42 10 042043 043032 032021 021010 
52 43 052041 041042 042043 
43 52 043042 042041 041052 
52 44 052053 053054 054044 
44 52 044054 054053 053052 
52 45 052053 053054 054044 044045 
45 52 045044 044054 054053 053052 
38 46 038037 037036 036035 035046 
46 38 046035 035036 036037 037038 
38 47 038049 049048 048047 
47 38 047048 048049 049038 
35 48 035046 046047 047048 
48 35 048047 047046 046035 
52 49 052051 051050 050049 
49 52 049050 050051 051052 
52 50 052051 051050 
50 52 050051 051052 
38 51 038049 049050 050051 
51 38 051050 050049 049038 
38 52 038049 049050 050051 051052 
52 38 052051 051050 050049 049038 
10 53 010021 021032 032043 043054 054053 
53 10 053054 054043 043032 032021 021010 
10 54 010021 021032 032043 043054 
54 10 054043 043032 032021 021010 
52 55 052063 063064 064065 065055 
55 52 055065 065064 064063 063052 
52 56 052063 063064 064065 065055 055056 
56 52 056055 055065 065064 064063 063052 
38 57 038037 037036 036035 035046 046057 
57 38 057046 046035 035036 036037 037038 
38 58 038049 049060 060059 059058 
58 38 058059 059060 060049 049038 
35 59 035046 046057 057058 058059 
59 35 059058 058057 057046 046035 
52 60 052051 051050 050049 049060 
60 52 060049 049050 050051 051052 
52 61 052063 063062 062061 
61 52 061062 062063 063052 
38 62 038049 049060 060061 061062 
62 38 062061 061060 060049 049038 
38 63 038049 049060 060061 061062 062063 
63 38 063062 062061 061060 060049 049038 
35 64 035046 046057 057056 056055 055065 065064 
64 35 064065 065055 055056 056057 057046 046035 
35 65 035046 046057 057056 056055 055065 
65 35 065055 055056 056057 057046 046035 
