11 0 011000 
0 11 000011 
11 1 011000 000001 
1 11 001000 000011 
11 8 011000 000010 010009 009008 
8 11 008009 009010 010000 000011 
11 9 011000 000010 010009 
9 11 009010 010000 000011 
11 10 011000 000010 
10 11 010000 000011 
11 12 011012 
12 11 012011 
11 19 011021 021020 020019 
19 11 019020 020021 021011 
11 20 011021 021020 
20 11 020021 021011 
11 21 011021 
21 11 021011 
11 22 011022 
22 11 022011 
11 23 011022 022023 
23 11 023022 022011 
11 32 011022 022032 
32 11 032022 022011 
11 33 011022 022033 
33 11 033022 022011 
11 34 011022 022033 033034 
34 11 034033 033022 022011 
13 2 013014 014003 003002 
2 13 002003 003014 014013 
13 3 013014 014003 
3 13 003014 014013 
13 4 013014 014003 003004 
4 13 004003 003014 014013 
13 14 013014 
14 13 014013 
13 15 013014 014015 
15 13 015014 014013 
47 24 047036 036025 025024 
24 47 024025 025036 036047 
47 25 047036 036025 
25 47 025036 036047 
47 26 047036 036025 025026 
26 47 026025 025036 036047 
47 35 047036 036035 
35 47 035036 036047 
47 36 047036 
36 47 036047 
47 37 047036 036037 
37 47 037036 036047 
47 45 047046 046045 
45 47 045046 046047 
47 46 047046 
46 47 046047 
47 48 047048 
48 47 048047 
47 56 047058 058057 057056 
56 47 056057 057058 058047 
47 57 047058 058057 
57 47 057058 058047 
47 58 047058 
58 47 058047 
47 59 047058 058059 
59 47 059058 058047 
39 5 039028 028017 017006 006005 
5 39 005006 006017 017028 028039 
39 6 039028 028017 017006 
6 39 006017 017028 028039 
39 7 039028 028017 017006 006007 
7 39 007006 006017 017028 028039 
39 16 039028 028017 017016 
16 39 016017 017028 028039 
39 17 039028 028017 
17 39 017028 028039 
39 18 039028 028017 017018 
18 39 018017 017028 028039 
39 27 039028 028027 
27 39 027028 028039 
39 28 039028 
28 39 028039 
39 29 039028 028029 
29 39 029028 028039 
39 38 039038 
38 39 038039 
39 40 039040 
40 39 040039 
39 49 039050 050049 
49 39 049050 050039 
39 50 039050 
50 39 050039 
39 51 039050 050051 
51 39 051050 050039 
39 60 039050 050061 061060 
60 39 060061 061050 050039 
39 61 039050 050061 
61 39 061050 050039 
39 62 039050 050061 061062 
62 39 062061 061050 050039 
53 30 053042 042031 031030 
30 53 030031 031042 042053 
53 31 053042 042031 
31 53 031042 042053 
53 41 053042 042041 
41 53 041042 042053 
53 42 053042 
42 53 042053 
53 43 053042 042043 
43 53 043042 042053 
53 44 053054 054044 
44 53 044054 054053 
53 52 053052 
52 53 052053 
53 54 053054 
54 53 054053 
53 55 053054 054044 044055 
55 53 055044 044054 054053 
53 63 053064 064063 
63 53 063064 064053 
53 64 053064 
64 53 064053 
53 65 053064 064065 
65 53 065064 064053 
53 65 053064 064065 
65 53 065064 064053 
13 0 013012 012011 011000 
0 13 000011 011012 012013 
13 1 013014 014003 003002 002001 
1 13 001002 002003 003014 014013 
11 2 011000 000001 001002 
2 11 002001 001000 000011 
47 3 047036 036025 025014 014003 
3 47 003014 014025 025036 036047 
39 4 039028 028017 017006 006005 005004 
4 39 004005 005006 006017 017028 028039 
13 5 013014 014003 003004 004005 
5 13 005004 004003 003014 014013 
13 6 013014 014015 015016 016017 017006 
6 13 006017 017016 016015 015014 014013 
11 7 011000 000010 010009 009008 008007 
7 11 007008 008009 009010 010000 000011 
53 8 053042 042031 031020 020009 009008 
8 53 008009 009020 020031 031042 042053 
53 9 053042 042031 031020 020009 
9 53 009020 020031 031042 042053 
13 10 013012 012011 011000 000010 
10 13 010000 000011 011012 012013 
13 11 013012 012011 
11 13 011012 012013 
13 12 013012 
12 13 012013 
11 13 011012 012013 
13 11 013012 012011 
47 14 047036 036025 025014 
14 47 014025 025036 036047 
39 15 039028 028017 017016 016015 
15 39 015016 016017 017028 028039 
13 16 013014 014015 015016 
16 13 016015 015014 014013 
13 17 013014 014015 015016 016017 
17 13 017016 016015 015014 014013 
11 18 011021 021020 020019 019018 
18 11 018019 019020 020021 021011 
53 19 053042 042031 031020 020019 
19 53 019020 020031 031042 042053 
53 20 053042 042031 031020 
20 53 020031 031042 042053 
13 21 013012 012011 011021 
21 13 021011 011012 012013 
13 22 013012 012011 011022 
22 13 022011 011012 012013 
47 23 047036 036025 025024 024023 
23 47 023024 024025 025036 036047 
13 24 013014 014025 025024 
24 13 024025 025014 014013 
13 25 013014 014025 
25 13 025014 014013 
39 26 039028 028027 027026 
26 39 026027 027028 028039 
47 27 047036 036025 025026 026027 
27 47 027026 026025 025036 036047 
53 28 053052 052051 051050 050039 039028 
28 53 028039 039050 050051 051052 052053 
53 29 053042 042031 031030 030029 
29 53 029030 030031 031042 042053 
39 30 039028 028029 029030 
30 39 030029 029028 028039 
11 31 011022 022032 032031 
31 11 031032 032022 022011 
53 32 053042 042031 031032 
32 53 032031 031042 042053 
53 33 053054 054044 044033 
33 53 033044 044054 054053 
47 34 047036 036035 035034 
34 47 034035 035036 036047 
13 35 013014 014025 025036 036035 
35 13 035036 036025 025014 014013 
13 36 013014 014025 025036 
36 13 036025 025014 014013 
39 37 039038 038037 
37 39 037038 038039 
47 38 047036 036037 037038 
38 47 038037 037036 036047 
53 39 053052 052051 051050 050039 
39 53 039050 050051 051052 052053 
53 40 053042 042041 041040 
40 53 040041 041042 042053 
39 41 039040 040041 
41 39 041040 040039 
39 42 039040 040041 041042 
42 39 042041 041040 040039 
11 43 011022 022033 033043 
43 11 043033 033022 022011 
11 44 011022 022033 033044 
44 11 044033 033022 022011 
53 45 053054 054044 044045 
45 53 045044 044054 054053 
53 46 053054 054044 044045 045046 
46 53 046045 045044 044054 054053 
13 47 013014 014025 025036 036047 
47 13 047036 036025 025014 014013 
39 48 039050 050049 049048 
48 39 048049 049050 050039 
47 49 047048 048049 
49 47 049048 048047 
47 50 047048 048049 049050 
50 47 050049 049048 048047 
53 51 053052 052051 
51 53 051052 052053 
39 52 039050 050051 051052 
52 39 052051 051050 050039 
39 53 039050 050051 051052 052053 
53 39 053052 052051 051050 050039 
11 54 011022 022033 033044 044054 
54 11 054044 044033 033022 022011 
11 55 011022 022033 033044 044055 
55 11 055044 044033 033022 022011 
53 56 053054 054044 044055 055056 
56 53 056055 055044 044054 054053 
53 57 053054 054044 044055 055056 056057 
57 53 057056 056055 055044 044054 054053 
13 58 013014 014025 025036 036047 047058 
58 13 058047 047036 036025 025014 014013 
39 59 039050 050061 061060 060059 
59 39 059060 060061 061050 050039 
47 60 047058 058059 059060 
60 47 060059 059058 058047 
53 61 053052 052051 051050 050061 
61 53 061050 050051 051052 052053 
53 62 053064 064063 063062 
62 53 062063 063064 064053 
39 63 039050 050061 061062 062063 
63 39 063062 062061 061050 050039 
39 64 039050 050061 061062 062063 063064 
64 39 064063 063062 062061 061050 050039 
11 65 011022 022033 033044 044055 055065 
65 11 065055 055044 044033 033022 022011 
