21 0 021010 010000 
0 21 000010 010021 
21 8 021010 010009 009008 
8 21 008009 009010 010021 
21 9 021010 010009 
9 21 009010 010021 
21 10 021010 
10 21 010021 
21 11 021011 
11 21 011021 
21 19 021020 020019 
19 21 019020 020021 
21 20 021020 
20 21 020021 
21 22 021032 032022 
22 21 022032 032021 
21 31 021032 032031 
31 21 031032 032021 
21 32 021032 
32 21 032021 
24 1 024013 013002 002001 
1 24 001002 002013 013024 
24 2 024013 013002 
2 24 002013 013024 
24 12 024013 013012 
12 24 012013 013024 
24 13 024013 
13 24 013024 
24 23 024023 
23 24 023024 
24 25 024025 
25 24 025024 
24 34 024035 035034 
34 24 034035 035024 
24 35 024035 
35 24 035024 
24 46 024035 035046 
46 24 046035 035024 
24 57 024035 035046 046057 
57 24 057046 046035 035024 
26 3 026025 025024 024013 013002 002003 
3 26 003002 002013 013024 024025 025026 
26 4 026027 027016 016005 005004 
4 26 004005 005016 016027 027026 
26 5 026027 027016 016005 
5 26 005016 016027 027026 
26 6 026027 027016 016005 005006 
6 26 006005 005016 016027 027026 
26 14 026025 025024 024013 013014 
14 26 014013 013024 024025 025026 
26 15 026027 027016 016015 
15 26 015016 016027 027026 
26 16 026027 027016 
16 26 016027 027026 
26 17 026027 027016 016017 
17 26 017016 016027 027026 
26 27 026027 
27 26 027026 
26 36 026025 025024 024035 035036 
36 26 036035 035024 024025 025026 
26 37 026027 027038 038037 
37 26 037038 038027 027026 
26 38 026027 027038 
38 26 038027 027026 
26 47 026025 025024 024035 035046 046047 
47 26 047046 046035 035024 024025 025026 
26 48 026027 027038 038049 049048 
48 26 048049 049038 038027 027026 
26 49 026027 027038 038049 
49 26 049038 038027 027026 
26 58 026025 025024 024035 035046 046057 057058 
58 26 058057 057046 046035 035024 024025 025026 
26 59 026027 027038 038049 049060 060059 
59 26 059060 060049 049038 038027 027026 
26 60 026027 027038 038049 049060 
60 26 060049 049038 038027 027026 
40 7 040029 029018 018007 
7 40 007018 018029 029040 
40 18 040029 029018 
18 40 018029 029040 
40 28 040029 029028 
28 40 028029 029040 
40 29 040029 
29 40 029040 
40 30 040029 029030 
30 40 030029 029040 
40 39 040039 
39 40 039040 
40 41 040041 
41 40 041040 
40 50 040051 051050 
50 40 050051 051040 
40 51 040051 
51 40 051040 
40 52 040051 051052 
52 40 052051 051040 
40 61 040051 051062 062061 
61 40 061062 062051 051040 
40 62 040051 051062 
62 40 062051 051040 
40 63 040051 051062 062063 
63 40 063062 062051 051040 
54 33 054043 043033 
33 54 033043 043054 
54 42 054043 043042 
42 54 042043 043054 
54 43 054043 
43 54 043054 
54 44 054044 
44 54 044054 
54 45 054044 044045 
45 54 045044 044054 
54 53 054053 
53 54 053054 
54 55 054065 065055 
55 54 055065 065054 
54 56 054065 065055 055056 
56 54 056055 055065 065054 
54 64 054065 065064 
64 54 064065 065054 
54 65 054065 
65 54 065054 
54 65 054065 
65 54 065054 
24 0 024013 013002 002001 001000 
0 24 000001 001002 002013 013024 
21 1 021010 010000 000001 
1 21 001000 000010 010021 
26 2 026025 025024 024013 013002 
2 26 002013 013024 024025 025026 
24 3 024013 013002 002003 
3 24 003002 002013 013024 
24 4 024013 013002 002003 003004 
4 24 004003 003002 002013 013024 
24 5 024013 013002 002003 003004 004005 
5 24 005004 004003 003002 002013 013024 
40 6 040029 029018 018007 007006 
6 40 006007 007018 018029 029040 
21 7 021010 010009 009008 008007 
7 21 007008 008009 009010 010021 
40 8 040029 029018 018007 007008 
8 40 008007 007018 018029 029040 
54 9 054043 043032 032021 021010 010009 
9 54 009010 010021 021032 032043 043054 
54 10 054043 043032 032021 021010 
10 54 010021 021032 032043 043054 
24 11 024013 013012 012011 
11 24 011012 012013 013024 
21 12 021011 011012 
12 21 012011 011021 
26 13 026025 025024 024013 
13 26 013024 024025 025026 
24 14 024013 013014 
14 24 014013 013024 
24 15 024013 013014 014015 
15 24 015014 014013 013024 
24 16 024013 013014 014015 015016 
16 24 016015 015014 014013 013024 
40 17 040029 029018 018017 
17 40 017018 018029 029040 
21 18 021020 020019 019018 
18 21 018019 019020 020021 
40 19 040029 029018 018019 
19 40 019018 018029 029040 
54 20 054043 043032 032021 021020 
20 54 020021 021032 032043 043054 
54 21 054043 043032 032021 
21 54 021032 032043 043054 
24 22 024023 023022 
22 24 022023 023024 
21 23 021032 032022 022023 
23 21 023022 022032 032021 
26 24 026025 025024 
24 26 024025 025026 
26 25 026025 
25 26 025026 
24 26 024025 025026 
26 24 026025 025024 
40 27 040029 029028 028027 
27 40 027028 028029 029040 
26 28 026027 027028 
28 26 028027 027026 
26 29 026027 027028 028029 
29 26 029028 028027 027026 
21 30 021032 032031 031030 
30 21 030031 031032 032021 
54 31 054043 043032 032031 
31 54 031032 032043 043054 
54 32 054043 043032 
32 54 032043 043054 
21 33 021032 032043 043033 
33 21 033043 043032 032021 
54 34 054043 043033 033034 
34 54 034033 033043 043054 
26 35 026025 025024 024035 
35 26 035024 024025 025026 
24 36 024035 035036 
36 24 036035 035024 
24 37 024035 035036 036037 
37 24 037036 036035 035024 
40 38 040039 039038 
38 40 038039 039040 
26 39 026027 027038 038039 
39 26 039038 038027 027026 
26 40 026027 027028 028029 029040 
40 26 040029 029028 028027 027026 
54 41 054043 043042 042041 
41 54 041042 042043 043054 
40 42 040041 041042 
42 40 042041 041040 
21 43 021032 032043 
43 21 043032 032021 
24 44 024035 035046 046045 045044 
44 24 044045 045046 046035 035024 
24 45 024035 035046 046045 
45 24 045046 046035 035024 
54 46 054044 044045 045046 
46 54 046045 045044 044054 
24 47 024035 035046 046047 
47 24 047046 046035 035024 
24 48 024035 035046 046047 047048 
48 24 048047 047046 046035 035024 
40 49 040051 051050 050049 
49 40 049050 050051 051040 
26 50 026027 027038 038049 049050 
50 26 050049 049038 038027 027026 
54 51 054053 053052 052051 
51 54 051052 052053 053054 
54 52 054053 053052 
52 54 052053 053054 
40 53 040051 051052 052053 
53 40 053052 052051 051040 
21 54 021032 032043 043054 
54 21 054043 043032 032021 
24 55 024035 035046 046057 057056 056055 
55 24 055056 056057 057046 046035 035024 
24 56 024035 035046 046057 057056 
56 24 056057 057046 046035 035024 
54 57 054044 044045 045046 046057 
57 54 057046 046045 045044 044054 
24 58 024035 035046 046057 057058 
58 24 058057 057046 046035 035024 
24 59 024035 035046 046057 057058 058059 
59 24 059058 058057 057046 046035 035024 
40 60 040051 051062 062061 061060 
60 40 060061 061062 062051 051040 
26 61 026027 027038 038049 049060 060061 
61 26 061060 060049 049038 038027 027026 
54 62 054065 065064 064063 063062 
62 54 062063 063064 064065 065054 
54 63 054065 065064 064063 
63 54 063064 064065 065054 
40 64 040051 051062 062063 063064 
64 40 064063 063062 062051 051040 
21 65 021032 032043 043054 054065 
65 21 065054 054043 043032 032021 
