12 0 012011 011021 021010 010000 
0 12 000010 010021 021011 011012 
12 1 012013 013002 002001 
1 12 001002 002013 013012 
12 2 012013 013002 
2 12 002013 013012 
12 3 012013 013002 002003 
3 12 003002 002013 013012 
12 11 012011 
11 12 011012 
12 13 012013 
13 12 013012 
12 22 012011 011021 021032 032022 
22 12 022032 032021 021011 011012 
12 23 012013 013024 024023 
23 12 023024 024013 013012 
12 24 012013 013024 
24 12 024013 013012 
9 8 009008 
8 9 008009 
9 10 009010 
10 9 010009 
9 20 009020 
20 9 020009 
9 21 009010 010021 
21 9 021010 010009 
9 31 009020 020031 
31 9 031020 020009 
9 32 009010 010021 021032 
32 9 032021 021010 010009 
29 6 029018 018007 007006 
6 29 006007 007018 018029 
29 7 029018 018007 
7 29 007018 018029 
29 17 029018 018017 
17 29 017018 018029 
29 18 029018 
18 29 018029 
29 19 029018 018019 
19 29 019018 018029 
29 28 029028 
28 29 028029 
29 30 029030 
30 29 030029 
29 39 029040 040039 
39 29 039040 040029 
29 40 029040 
40 29 040029 
29 41 029040 040041 
41 29 041040 040029 
29 51 029040 040051 
51 29 051040 040029 
29 62 029040 040051 051062 
62 29 062051 051040 040029 
26 4 026015 015004 
4 26 004015 015026 
26 5 026015 015004 004005 
5 26 005004 004015 015026 
26 14 026015 015014 
14 26 014015 015026 
26 15 026015 
15 26 015026 
26 16 026015 015016 
16 26 016015 015026 
26 25 026025 
25 26 025026 
26 27 026027 
27 26 027026 
26 36 026037 037036 
36 26 036037 037026 
26 37 026037 
37 26 037026 
26 38 026037 037038 
38 26 038037 037026 
48 47 048047 
47 48 047048 
48 49 048049 
49 48 049048 
48 50 048049 049050 
50 48 050049 049048 
48 58 048059 059058 
58 48 058059 059048 
48 59 048059 
59 48 059048 
48 60 048059 059060 
60 48 060059 059048 
48 61 048059 059060 060061 
61 48 061060 060059 059048 
45 33 045044 044054 054043 043033 
33 45 033043 043054 054044 044045 
45 34 045046 046035 035034 
34 45 034035 035046 046045 
45 35 045046 046035 
35 45 035046 046045 
45 44 045044 
44 45 044045 
45 46 045046 
46 45 046045 
45 55 045044 044054 054065 065055 
55 45 055065 065054 054044 044045 
45 56 045046 046057 057056 
56 45 056057 057046 046045 
45 57 045046 046057 
57 45 057046 046045 
53 42 053042 
42 53 042053 
53 43 053054 054043 
43 53 043054 054053 
53 52 053052 
52 53 052053 
53 54 053054 
54 53 054053 
53 63 053064 064063 
63 53 063064 064053 
53 64 053064 
64 53 064053 
53 65 053054 054065 
65 53 065054 054053 
53 65 053054 054065 
65 53 065054 054053 
9 0 009010 010000 
0 9 000010 010009 
45 1 045046 046035 035024 024013 013002 002001 
1 45 001002 002013 013024 024035 035046 046045 
26 2 026015 015004 004003 003002 
2 26 002003 003004 004015 015026 
26 3 026015 015004 004003 
3 26 003004 004015 015026 
48 4 048037 037026 026015 015004 
4 48 004015 015026 026037 037048 
29 5 029018 018007 007006 006005 
5 29 005006 006007 007018 018029 
9 6 009008 008007 007006 
6 9 006007 007008 008009 
9 7 009008 008007 
7 9 007008 008009 
29 8 029018 018007 007008 
8 29 008007 007018 018029 
29 9 029018 018007 007008 008009 
9 29 009008 008007 007018 018029 
12 10 012011 011021 021010 
10 12 010021 021011 011012 
9 11 009010 010021 021011 
11 9 011021 021010 010009 
45 12 045046 046035 035024 024013 013012 
12 45 012013 013024 024035 035046 046045 
26 13 026015 015014 014013 
13 26 013014 014015 015026 
12 14 012013 013014 
14 12 014013 013012 
48 15 048037 037026 026015 
15 48 015026 026037 037048 
29 16 029018 018017 017016 
16 29 016017 017018 018029 
26 17 026015 015016 016017 
17 26 017016 016015 015026 
9 18 009008 008007 007018 
18 9 018007 007008 008009 
9 19 009020 020019 
19 9 019020 020009 
29 20 029018 018019 019020 
20 29 020019 019018 018029 
12 21 012011 011021 
21 12 021011 011012 
45 22 045044 044054 054043 043032 032022 
22 45 022032 032043 043054 054044 044045 
45 23 045046 046035 035024 024023 
23 45 023024 024035 035046 046045 
26 24 026025 025024 
24 26 024025 025026 
12 25 012013 013024 024025 
25 12 025024 024013 013012 
48 26 048037 037026 
26 48 026037 037048 
29 27 029028 028027 
27 29 027028 028029 
26 28 026027 027028 
28 26 028027 027026 
26 29 026027 027028 028029 
29 26 029028 028027 027026 
9 30 009020 020031 031030 
30 9 030031 031020 020009 
53 31 053042 042031 
31 53 031042 042053 
53 32 053054 054043 043032 
32 53 032043 043054 054053 
12 33 012011 011021 021032 032043 043033 
33 12 033043 043032 032021 021011 011012 
12 34 012013 013024 024035 035034 
34 12 034035 035024 024013 013012 
12 35 012013 013024 024035 
35 12 035024 024013 013012 
48 36 048037 037036 
36 48 036037 037048 
48 37 048037 
37 48 037048 
48 38 048037 037038 
38 48 038037 037048 
26 39 026037 037038 038039 
39 26 039038 038037 037026 
53 40 053052 052051 051040 
40 53 040051 051052 052053 
53 41 053042 042041 
41 53 041042 042053 
29 42 029040 040041 041042 
42 29 042041 041040 040029 
45 43 045044 044054 054043 
43 45 043054 054044 044045 
53 44 053054 054044 
44 53 044054 054053 
12 45 012013 013024 024035 035046 046045 
45 12 045046 046035 035024 024013 013012 
48 46 048047 047046 
46 48 046047 047048 
45 47 045046 046047 
47 45 047046 046045 
26 48 026037 037048 
48 26 048037 037026 
26 49 026037 037048 048049 
49 26 049048 048037 037026 
29 50 029040 040051 051050 
50 29 050051 051040 040029 
53 51 053052 052051 
51 53 051052 052053 
29 52 029040 040051 051052 
52 29 052051 051040 040029 
45 53 045044 044054 054053 
53 45 053054 054044 044045 
45 54 045044 044054 
54 45 054044 044045 
53 55 053054 054065 065055 
55 53 055065 065054 054053 
12 56 012013 013024 024035 035046 046057 057056 
56 12 056057 057046 046035 035024 024013 013012 
48 57 048059 059058 058057 
57 48 057058 058059 059048 
45 58 045046 046057 057058 
58 45 058057 057046 046045 
26 59 026037 037048 048059 
59 26 059048 048037 037026 
26 60 026037 037048 048059 059060 
60 26 060059 059048 048037 037026 
29 61 029040 040051 051062 062061 
61 29 061062 062051 051040 040029 
53 62 053052 052051 051062 
62 53 062051 051052 052053 
29 63 029040 040051 051062 062063 
63 29 063062 062051 051040 040029 
45 64 045044 044054 054065 065064 
64 45 064065 065054 054044 044045 
45 65 045044 044054 054065 
65 45 065054 054044 044045 
