1 0 001000 
0 1 000001 
1 2 001002 
2 1 002001 
1 3 001002 002003 
3 1 003002 002001 
1 12 001002 002013 013012 
12 1 012013 013002 002001 
1 13 001002 002013 
13 1 013002 002001 
20 8 020019 019008 
8 20 008019 019020 
20 9 020009 
9 20 009020 
20 10 020021 021010 
10 20 010021 021020 
20 11 020021 021011 
11 20 011021 021020 
20 19 020019 
19 20 019020 
20 21 020021 
21 20 021020 
20 31 020031 
31 20 031020 
29 6 029028 028027 027016 016005 005006 
6 29 006005 005016 016027 027028 028029 
29 7 029030 030019 019008 008007 
7 29 007008 008019 019030 030029 
29 17 029028 028027 027016 016017 
17 29 017016 016027 027028 028029 
29 18 029030 030019 019018 
18 29 018019 019030 030029 
29 28 029028 
28 29 028029 
29 30 029030 
30 29 030029 
29 39 029028 028027 027038 038039 
39 29 039038 038027 027028 028029 
29 40 029030 030041 041040 
40 29 040041 041030 030029 
29 41 029030 030041 
41 29 041030 030029 
29 50 029028 028027 027038 038049 049050 
50 29 050049 049038 038027 027028 028029 
29 51 029030 030041 041052 052051 
51 29 051052 052041 041030 030029 
29 61 029028 028027 027038 038049 049060 060061 
61 29 061060 060049 049038 038027 027028 028029 
29 62 029030 030041 041052 052063 063062 
62 29 062063 063052 052041 041030 030029 
27 4 027016 016005 005004 
4 27 004005 005016 016027 
27 5 027016 016005 
5 27 005016 016027 
27 15 027016 016015 
15 27 015016 016027 
27 16 027016 
16 27 016027 
27 26 027026 
26 27 026027 
27 37 027038 038037 
37 27 037038 038027 
27 38 027038 
38 27 038027 
27 49 027038 038049 
49 27 049038 038027 
27 60 027038 038049 049060 
60 27 060049 049038 038027 
25 14 025014 
14 25 014025 
25 23 025024 024023 
23 25 023024 024025 
25 24 025024 
24 25 024025 
25 36 025036 
36 25 036025 
46 34 046035 035034 
34 46 034035 035046 
46 35 046035 
35 46 035046 
46 45 046045 
45 46 045046 
46 47 046047 
47 46 047046 
46 48 046047 047048 
48 46 048047 047046 
46 56 046057 057056 
56 46 056057 057046 
46 57 046057 
57 46 057046 
46 58 046057 057058 
58 46 058057 057046 
46 59 046057 057058 058059 
59 46 059058 058057 057046 
54 22 054043 043032 032022 
22 54 022032 032043 043054 
54 32 054043 043032 
32 54 032043 043054 
54 33 054043 043033 
33 54 033043 043054 
54 42 054043 043042 
42 54 042043 043054 
54 43 054043 
43 54 043054 
54 44 054044 
44 54 044054 
54 52 054053 053052 
52 54 052053 053054 
54 53 054053 
53 54 053054 
54 55 054065 065055 
55 54 055065 065054 
54 63 054065 065064 064063 
63 54 063064 064065 065054 
54 64 054065 065064 
64 54 064065 065054 
54 65 054065 
65 54 065054 
54 65 054065 
65 54 065054 
20 0 020021 021010 010000 
0 20 000010 010021 021020 
25 1 025024 024013 013002 002001 
1 25 001002 002013 013024 024025 
25 2 025024 024013 013002 
2 25 002013 013024 024025 
25 3 025014 014003 
3 25 003014 014025 
25 4 025026 026015 015004 
4 25 004015 015026 026025 
29 5 029028 028027 027016 016005 
5 29 005016 016027 027028 028029 
27 6 027016 016005 005006 
6 27 006005 005016 016027 
20 7 020019 019008 008007 
7 20 007008 008019 019020 
29 8 029030 030019 019008 
8 29 008019 019030 030029 
1 9 001000 000010 010009 
9 1 009010 010000 000001 
1 10 001000 000010 
10 1 010000 000001 
54 11 054043 043032 032021 021011 
11 54 011021 021032 032043 043054 
25 12 025024 024013 013012 
12 25 012013 013024 024025 
25 13 025024 024013 
13 25 013024 024025 
27 14 027016 016015 015014 
14 27 014015 015016 016027 
25 15 025026 026015 
15 25 015026 026025 
29 16 029028 028027 027016 
16 29 016027 027028 028029 
27 17 027016 016017 
17 27 017016 016027 
20 18 020019 019018 
18 20 018019 019020 
29 19 029030 030019 
19 29 019030 030029 
29 20 029030 030019 019020 
20 29 020019 019030 030029 
54 21 054043 043032 032021 
21 54 021032 032043 043054 
20 22 020021 021032 032022 
22 20 022032 032021 021020 
46 23 046035 035024 024023 
23 46 023024 024035 035046 
46 24 046035 035024 
24 46 024035 035046 
27 25 027026 026025 
25 27 025026 026027 
25 26 025026 
26 25 026025 
29 27 029028 028027 
27 29 027028 028029 
27 28 027028 
28 27 028027 
27 29 027028 028029 
29 27 029028 028027 
20 30 020019 019030 
30 20 030019 019020 
29 31 029030 030031 
31 29 031030 030029 
20 32 020021 021032 
32 20 032021 021020 
46 33 046035 035034 034033 
33 46 033034 034035 035046 
25 34 025024 024035 035034 
34 25 034035 035024 024025 
25 35 025024 024035 
35 25 035024 024025 
46 36 046035 035036 
36 46 036035 035046 
25 37 025026 026037 
37 25 037026 026025 
29 38 029028 028027 027038 
38 29 038027 027028 028029 
27 39 027038 038039 
39 27 039038 038027 
27 40 027038 038039 039040 
40 27 040039 039038 038027 
54 41 054043 043042 042041 
41 54 041042 042043 043054 
20 42 020031 031042 
42 20 042031 031020 
20 43 020021 021032 032043 
43 20 043032 032021 021020 
46 44 046045 045044 
44 46 044045 045046 
54 45 054044 044045 
45 54 045044 044054 
25 46 025024 024035 035046 
46 25 046035 035024 024025 
25 47 025036 036047 
47 25 047036 036025 
27 48 027038 038049 049048 
48 27 048049 049038 038027 
46 49 046047 047048 048049 
49 46 049048 048047 047046 
27 50 027038 038049 049050 
50 27 050049 049038 038027 
54 51 054053 053052 052051 
51 54 051052 052053 053054 
29 52 029030 030041 041052 
52 29 052041 041030 030029 
20 53 020031 031042 042053 
53 20 053042 042031 031020 
46 54 046045 045044 044054 
54 46 054044 044045 045046 
46 55 046057 057056 056055 
55 46 055056 056057 057046 
54 56 054065 065055 055056 
56 54 056055 055065 065054 
25 57 025024 024035 035046 046057 
57 25 057046 046035 035024 024025 
25 58 025036 036047 047058 
58 25 058047 047036 036025 
27 59 027038 038049 049060 060059 
59 27 059060 060049 049038 038027 
46 60 046047 047048 048049 049060 
60 46 060049 049048 048047 047046 
27 61 027038 038049 049060 060061 
61 27 061060 060049 049038 038027 
54 62 054065 065064 064063 063062 
62 54 062063 063064 064065 065054 
29 63 029030 030041 041052 052063 
63 29 063052 052041 041030 030029 
29 64 029030 030041 041052 052063 063064 
64 29 064063 063052 052041 041030 030029 
46 65 046057 057056 056055 055065 
65 46 065055 055056 056057 057046 
