12 0 012001 001000 
0 12 000001 001012 
12 1 012001 
1 12 001012 
12 2 012001 001002 
2 12 002001 001012 
12 11 012011 
11 12 011012 
12 13 012013 
13 12 013012 
12 14 012013 013014 
14 12 014013 013012 
12 22 012023 023022 
22 12 022023 023012 
12 23 012023 
23 12 023012 
12 24 012023 023024 
24 12 024023 023012 
20 8 020019 019018 018007 007008 
8 20 008007 007018 018019 019020 
20 9 020021 021010 010009 
9 20 009010 010021 021020 
20 10 020021 021010 
10 20 010021 021020 
20 19 020019 
19 20 019020 
20 21 020021 
21 20 021020 
20 31 020021 021032 032031 
31 20 031032 032021 021020 
20 32 020021 021032 
32 20 032021 021020 
40 7 040029 029018 018007 
7 40 007018 018029 029040 
40 18 040029 029018 
18 40 018029 029040 
40 28 040029 029028 
28 40 028029 029040 
40 29 040029 
29 40 029040 
40 30 040029 029030 
30 40 030029 029040 
40 39 040039 
39 40 039040 
40 41 040041 
41 40 041040 
40 50 040051 051050 
50 40 050051 051040 
40 51 040051 
51 40 051040 
40 61 040051 051062 062061 
61 40 061062 062051 051040 
40 62 040051 051062 
62 40 062051 051040 
16 3 016015 015004 004003 
3 16 003004 004015 015016 
16 4 016015 015004 
4 16 004015 015016 
16 5 016005 
5 16 005016 
16 6 016017 017006 
6 16 006017 017016 
16 15 016015 
15 16 015016 
16 17 016017 
17 16 017016 
16 27 016027 
27 16 027016 
37 25 037026 026025 
25 37 025026 026037 
37 26 037026 
26 37 026037 
37 36 037036 
36 37 036037 
37 38 037038 
38 37 038037 
37 47 037048 048047 
47 37 047048 048037 
37 48 037048 
48 37 048037 
37 49 037048 048049 
49 37 049048 048037 
37 58 037048 048059 059058 
58 37 058059 059048 048037 
37 59 037048 048059 
59 37 059048 048037 
37 60 037048 048059 059060 
60 37 060059 059048 048037 
45 33 045034 034033 
33 45 033034 034045 
45 34 045034 
34 45 034045 
45 35 045034 034035 
35 45 035034 034045 
45 44 045044 
44 45 044045 
45 46 045046 
46 45 046045 
45 55 045056 056055 
55 45 055056 056045 
45 56 045056 
56 45 056045 
45 57 045056 056057 
57 45 057056 056045 
53 42 053054 054043 043042 
42 53 042043 043054 054053 
53 43 053054 054043 
43 53 043054 054053 
53 52 053052 
52 53 052053 
53 54 053054 
54 53 054053 
53 63 053052 052051 051062 062063 
63 53 063062 062051 051052 052053 
53 64 053054 054065 065064 
64 53 064065 065054 054053 
53 65 053054 054065 
65 53 065054 054053 
53 65 053054 054065 
65 53 065054 054053 
20 0 020021 021010 010000 
0 20 000010 010021 021020 
45 1 045034 034023 023012 012001 
1 45 001012 012023 023034 034045 
16 2 016015 015004 004003 003002 
2 16 002003 003004 004015 015016 
12 3 012001 001002 002003 
3 12 003002 002001 001012 
37 4 037026 026015 015004 
4 37 004015 015026 026037 
37 5 037026 026015 015004 004005 
5 37 005004 004015 015026 026037 
40 6 040029 029018 018007 007006 
6 40 006007 007018 018029 029040 
20 7 020019 019018 018007 
7 20 007018 018019 019020 
40 8 040029 029018 018007 007008 
8 40 008007 007018 018029 029040 
53 9 053054 054043 043032 032021 021010 010009 
9 53 009010 010021 021032 032043 043054 054053 
12 10 012001 001000 000010 
10 12 010000 000001 001012 
20 11 020021 021011 
11 20 011021 021020 
45 12 045034 034023 023012 
12 45 012023 023034 034045 
16 13 016015 015014 014013 
13 16 013014 014015 015016 
16 14 016015 015014 
14 16 014015 015016 
37 15 037026 026015 
15 37 015026 026037 
37 16 037026 026015 015016 
16 37 016015 015026 026037 
40 17 040029 029018 018017 
17 40 017018 018029 029040 
20 18 020019 019018 
18 20 018019 019020 
40 19 040029 029018 018019 
19 40 019018 018029 029040 
53 20 053054 054043 043032 032021 021020 
20 53 020021 021032 032043 043054 054053 
12 21 012011 011021 
21 12 021011 011012 
20 22 020021 021032 032022 
22 20 022032 032021 021020 
45 23 045034 034023 
23 45 023034 034045 
45 24 045034 034023 023024 
24 45 024023 023034 034045 
16 25 016015 015026 026025 
25 16 025026 026015 015016 
16 26 016015 015026 
26 16 026015 015016 
37 27 037026 026027 
27 37 027026 026037 
16 28 016017 017028 
28 16 028017 017016 
20 29 020019 019018 018029 
29 20 029018 018019 019020 
20 30 020019 019018 018029 029030 
30 20 030029 029018 018019 019020 
53 31 053054 054043 043032 032031 
31 53 031032 032043 043054 054053 
53 32 053054 054043 043032 
32 53 032043 043054 054053 
53 33 053054 054043 043033 
33 53 033043 043054 054053 
12 34 012023 023034 
34 12 034023 023012 
37 35 037036 036035 
35 37 035036 036037 
45 36 045034 034035 035036 
36 45 036035 035034 034045 
16 37 016015 015026 026037 
37 16 037026 026015 015016 
40 38 040039 039038 
38 40 038039 039040 
37 39 037038 038039 
39 37 039038 038037 
53 40 053052 052051 051040 
40 53 040051 051052 052053 
53 41 053052 052051 051040 040041 
41 53 041040 040051 051052 052053 
20 42 020021 021032 032043 043042 
42 20 042043 043032 032021 021020 
20 43 020021 021032 032043 
43 20 043032 032021 021020 
53 44 053054 054044 
44 53 044054 054053 
12 45 012023 023034 034045 
45 12 045034 034023 023012 
37 46 037048 048047 047046 
46 37 046047 047048 048037 
45 47 045046 046047 
47 45 047046 046045 
45 48 045046 046047 047048 
48 45 048047 047046 046045 
40 49 040051 051050 050049 
49 40 049050 050051 051040 
37 50 037048 048049 049050 
50 37 050049 049048 048037 
53 51 053052 052051 
51 53 051052 052053 
40 52 040051 051052 
52 40 052051 051040 
20 53 020021 021032 032043 043054 054053 
53 20 053054 054043 043032 032021 021020 
45 54 045044 044054 
54 45 054044 044045 
53 55 053054 054065 065055 
55 53 055065 065054 054053 
12 56 012023 023034 034045 045056 
56 12 056045 045034 034023 023012 
37 57 037048 048059 059058 058057 
57 37 057058 058059 059048 048037 
45 58 045056 056057 057058 
58 45 058057 057056 056045 
45 59 045046 046047 047048 048059 
59 45 059048 048047 047046 046045 
40 60 040051 051062 062061 061060 
60 40 060061 061062 062051 051040 
53 61 053052 052051 051062 062061 
61 53 061062 062051 051052 052053 
53 62 053052 052051 051062 
62 53 062051 051052 052053 
40 63 040051 051062 062063 
63 40 063062 062051 051040 
20 64 020021 021032 032043 043054 054065 065064 
64 20 064065 065054 054043 043032 032021 021020 
45 65 045056 056055 055065 
65 45 065055 055056 056045 
