0 1 000001 
1 0 001000 
0 2 000001 001002 
2 0 002001 001000 
0 10 000010 
10 0 010000 
0 11 000011 
11 0 011000 
0 12 000001 001012 
12 0 012001 001000 
0 22 000011 011022 
22 0 022011 011000 
20 8 020009 009008 
8 20 008009 009020 
20 9 020009 
9 20 009020 
20 19 020019 
19 20 019020 
20 21 020021 
21 20 021020 
20 30 020031 031030 
30 20 030031 031020 
20 31 020031 
31 20 031020 
20 32 020031 031032 
32 20 032031 031020 
17 4 017006 006005 005004 
4 17 004005 005006 006017 
17 5 017006 006005 
5 17 005006 006017 
17 6 017006 
6 17 006017 
17 7 017006 006007 
7 17 007006 006017 
17 15 017016 016015 
15 17 015016 016017 
17 16 017016 
16 17 016017 
17 18 017018 
18 17 018017 
17 28 017028 
28 17 028017 
17 29 017028 028029 
29 17 029028 028017 
38 27 038027 
27 38 027038 
38 37 038037 
37 38 037038 
38 39 038039 
39 38 039038 
38 40 038039 039040 
40 38 040039 039038 
38 49 038049 
49 38 049038 
38 50 038039 039050 
50 38 050039 039038 
38 60 038049 049060 
60 38 060049 049038 
38 61 038039 039050 050061 
61 38 061050 050039 039038 
36 3 036037 037026 026015 015004 004003 
3 36 003004 004015 015026 026037 037036 
36 13 036035 035034 034023 023012 012013 
13 36 013012 012023 023034 034035 035036 
36 14 036037 037026 026015 015014 
14 36 014015 015026 026037 037036 
36 24 036035 035034 034023 023024 
24 36 024023 023034 034035 035036 
36 25 036037 037026 026025 
25 36 025026 026037 037036 
36 26 036037 037026 
26 36 026037 037036 
36 35 036035 
35 36 035036 
36 47 036037 037048 048047 
47 36 047048 048037 037036 
36 48 036037 037048 
48 36 048037 037036 
36 58 036037 037048 048059 059058 
58 36 058059 059048 048037 037036 
36 59 036037 037048 048059 
59 36 059048 048037 037036 
45 23 045034 034023 
23 45 023034 034045 
45 33 045034 034033 
33 45 033034 034045 
45 34 045034 
34 45 034045 
45 44 045044 
44 45 044045 
45 46 045046 
46 45 046045 
45 55 045056 056055 
55 45 055056 056045 
45 56 045056 
56 45 056045 
45 57 045056 056057 
57 45 057056 056045 
53 41 053042 042041 
41 53 041042 042053 
53 42 053042 
42 53 042053 
53 43 053042 042043 
43 53 043042 042053 
53 51 053052 052051 
51 53 051052 052053 
53 52 053052 
52 53 052053 
53 54 053054 
54 53 054053 
53 62 053064 064063 063062 
62 53 062063 063064 064053 
53 63 053064 064063 
63 53 063064 064053 
53 64 053064 
64 53 064053 
53 65 053064 064065 
65 53 065064 064053 
53 65 053064 064065 
65 53 065064 064053 
20 0 020009 009010 010000 
0 20 000010 010009 009020 
45 1 045034 034023 023012 012001 
1 45 001012 012023 023034 034045 
36 2 036035 035034 034023 023012 012001 001002 
2 36 002001 001012 012023 023034 034035 035036 
0 3 000001 001002 002003 
3 0 003002 002001 001000 
36 4 036037 037026 026015 015004 
4 36 004015 015026 026037 037036 
38 5 038027 027016 016005 
5 38 005016 016027 027038 
38 6 038039 039028 028017 017006 
6 38 006017 017028 028039 039038 
20 7 020009 009008 008007 
7 20 007008 008009 009020 
17 8 017006 006007 007008 
8 17 008007 007006 006017 
0 9 000010 010009 
9 0 009010 010000 
20 10 020009 009010 
10 20 010009 009020 
20 11 020021 021011 
11 20 011021 021020 
45 12 045034 034023 023012 
12 45 012023 023034 034045 
0 13 000001 001012 012013 
13 0 013012 012001 001000 
17 14 017016 016015 015014 
14 17 014015 015016 016017 
36 15 036037 037026 026015 
15 36 015026 026037 037036 
38 16 038027 027016 
16 38 016027 027038 
38 17 038039 039028 028017 
17 38 017028 028039 039038 
20 18 020019 019018 
18 20 018019 019020 
17 19 017018 018019 
19 17 019018 018017 
53 20 053042 042031 031020 
20 53 020031 031042 042053 
0 21 000011 011021 
21 0 021011 011000 
45 22 045034 034023 023022 
22 45 022023 023034 034045 
0 23 000001 001012 012023 
23 0 023012 012001 001000 
45 24 045034 034023 023024 
24 45 024023 023034 034045 
38 25 038037 037026 026025 
25 38 025026 026037 037038 
38 26 038037 037026 
26 38 026037 037038 
17 27 017028 028027 
27 17 027028 028017 
38 28 038039 039028 
28 38 028039 039038 
38 29 038039 039028 028029 
29 38 029028 028039 039038 
53 30 053042 042031 031030 
30 53 030031 031042 042053 
53 31 053042 042031 
31 53 031042 042053 
53 32 053042 042031 031032 
32 53 032031 031042 042053 
53 33 053042 042043 043033 
33 53 033043 043042 042053 
36 34 036035 035034 
34 36 034035 035036 
45 35 045034 034035 
35 45 035034 034045 
38 36 038037 037036 
36 38 036037 037038 
36 37 036037 
37 36 037036 
36 38 036037 037038 
38 36 038037 037036 
17 39 017028 028039 
39 17 039028 028017 
17 40 017028 028039 039040 
40 17 040039 039028 028017 
20 41 020031 031042 042041 
41 20 041042 042031 031020 
20 42 020031 031042 
42 20 042031 031020 
20 43 020031 031042 042043 
43 20 043042 042031 031020 
53 44 053054 054044 
44 53 044054 054053 
36 45 036035 035034 034045 
45 36 045034 034035 035036 
36 46 036035 035034 034045 045046 
46 36 046045 045034 034035 035036 
45 47 045046 046047 
47 45 047046 046045 
38 48 038037 037048 
48 38 048037 037038 
36 49 036037 037048 048049 
49 36 049048 048037 037036 
17 50 017028 028039 039050 
50 17 050039 039028 028017 
38 51 038039 039050 050051 
51 38 051050 050039 039038 
20 52 020031 031042 042053 053052 
52 20 052053 053042 042031 031020 
20 53 020031 031042 042053 
53 20 053042 042031 031020 
45 54 045044 044054 
54 45 054044 044045 
53 55 053064 064065 065055 
55 53 055065 065064 064053 
36 56 036035 035034 034045 045056 
56 36 056045 045034 034035 035036 
36 57 036035 035034 034045 045056 056057 
57 36 057056 056045 045034 034035 035036 
45 58 045056 056057 057058 
58 45 058057 057056 056045 
38 59 038037 037048 048059 
59 38 059048 048037 037038 
36 60 036037 037048 048059 059060 
60 36 060059 059048 048037 037036 
17 61 017028 028039 039050 050061 
61 17 061050 050039 039028 028017 
38 62 038039 039050 050061 061062 
62 38 062061 061050 050039 039038 
20 63 020031 031042 042053 053064 064063 
63 20 063064 064053 053042 042031 031020 
20 64 020031 031042 042053 053064 
64 20 064053 053042 042031 031020 
45 65 045056 056055 055065 
65 45 065055 055056 056045 
