11 0 011000 
0 11 000011 
11 1 011000 000001 
1 11 001000 000011 
11 9 011000 000010 010009 
9 11 009010 010000 000011 
11 10 011000 000010 
10 11 010000 000011 
11 12 011012 
12 11 012011 
11 20 011021 021020 
20 11 020021 021011 
11 21 011021 
21 11 021011 
11 22 011022 
22 11 022011 
11 32 011022 022032 
32 11 032022 022011 
11 33 011022 022033 
33 11 033022 022011 
11 44 011022 022033 033044 
44 11 044033 033022 022011 
11 55 011022 022033 033044 044055 
55 11 055044 044033 033022 022011 
35 2 035036 036025 025014 014003 003002 
2 35 002003 003014 014025 025036 036035 
35 13 035036 036025 025014 014013 
13 35 013014 014025 025036 036035 
35 23 035034 034033 033022 022023 
23 35 023022 022033 033034 034035 
35 24 035036 036025 025024 
24 35 024025 025036 036035 
35 25 035036 036025 
25 35 025036 036035 
35 34 035034 
34 35 034035 
35 36 035036 
36 35 036035 
35 45 035034 034033 033044 044045 
45 35 045044 044033 033034 034035 
35 46 035036 036047 047046 
46 35 046047 047036 036035 
35 47 035036 036047 
47 35 047036 036035 
35 56 035034 034033 033044 044055 055056 
56 35 056055 055044 044033 033034 034035 
35 57 035036 036047 047058 058057 
57 35 057058 058047 047036 036035 
35 58 035036 036047 047058 
58 35 058047 047036 036035 
15 3 015014 014003 
3 15 003014 014015 
15 4 015004 
4 15 004015 
15 5 015016 016005 
5 15 005016 016015 
15 6 015016 016005 005006 
6 15 006005 005016 016015 
15 14 015014 
14 15 014015 
15 16 015016 
16 15 016015 
15 17 015016 016017 
17 15 017016 016015 
15 26 015026 
26 15 026015 
38 27 038027 
27 38 027038 
38 28 038027 027028 
28 38 028027 027038 
38 37 038037 
37 38 037038 
38 39 038039 
39 38 039038 
38 48 038049 049048 
48 38 048049 049038 
38 49 038049 
49 38 049038 
38 50 038049 049050 
50 38 050049 049038 
38 59 038049 049060 060059 
59 38 059060 060049 049038 
38 60 038049 049060 
60 38 060049 049038 
38 61 038049 049060 060061 
61 38 061060 060049 049038 
41 7 041030 030019 019008 008007 
7 41 007008 008019 019030 030041 
41 8 041030 030019 019008 
8 41 008019 019030 030041 
41 18 041030 030019 019018 
18 41 018019 019030 030041 
41 19 041030 030019 
19 41 019030 030041 
41 29 041030 030029 
29 41 029030 030041 
41 30 041030 
30 41 030041 
41 31 041030 030031 
31 41 031030 030041 
41 40 041040 
40 41 040041 
41 42 041042 
42 41 042041 
41 43 041042 042043 
43 41 043042 042041 
41 51 041052 052051 
51 41 051052 052041 
41 52 041052 
52 41 052041 
41 53 041052 052053 
53 41 053052 052041 
41 54 041052 052053 053054 
54 41 054053 053052 052041 
41 62 041052 052063 063062 
62 41 062063 063052 052041 
41 63 041052 052063 
63 41 063052 052041 
41 64 041052 052063 063064 
64 41 064063 063052 052041 
41 65 041052 052063 063064 064065 
65 41 065064 064063 063052 052041 
41 65 041052 052063 063064 064065 
65 41 065064 064063 063052 052041 
35 0 035034 034033 033022 022011 011000 
0 35 000011 011022 022033 033034 034035 
35 1 035034 034033 033022 022011 011000 000001 
1 35 001000 000011 011022 022033 033034 034035 
11 2 011000 000001 001002 
2 11 002001 001000 000011 
35 3 035036 036025 025014 014003 
3 35 003014 014025 025036 036035 
38 4 038027 027016 016005 005004 
4 38 004005 005016 016027 027038 
38 5 038027 027016 016005 
5 38 005016 016027 027038 
38 6 038027 027016 016005 005006 
6 38 006005 005016 016027 027038 
15 7 015016 016005 005006 006007 
7 15 007006 006005 005016 016015 
11 8 011000 000010 010009 009008 
8 11 008009 009010 010000 000011 
41 9 041030 030019 019008 008009 
9 41 009008 008019 019030 030041 
41 10 041030 030019 019008 008009 009010 
10 41 010009 009008 008019 019030 030041 
35 11 035034 034033 033022 022011 
11 35 011022 022033 033034 034035 
35 12 035034 034033 033022 022011 011012 
12 35 012011 011022 022033 033034 034035 
11 13 011012 012013 
13 11 013012 012011 
35 14 035036 036025 025014 
14 35 014025 025036 036035 
38 15 038027 027016 016015 
15 38 015016 016027 027038 
38 16 038027 027016 
16 38 016027 027038 
38 17 038027 027016 016017 
17 38 017016 016027 027038 
15 18 015016 016017 017018 
18 15 018017 017016 016015 
11 19 011021 021020 020019 
19 11 019020 020021 021011 
41 20 041030 030019 019020 
20 41 020019 019030 030041 
41 21 041030 030019 019020 020021 
21 41 021020 020019 019030 030041 
35 22 035034 034033 033022 
22 35 022033 033034 034035 
11 23 011022 022023 
23 11 023022 022011 
11 24 011022 022023 023024 
24 11 024023 023022 022011 
15 25 015014 014025 
25 15 025014 014015 
38 26 038027 027026 
26 38 026027 027038 
15 27 015016 016027 
27 15 027016 016015 
41 28 041030 030029 029028 
28 41 028029 029030 030041 
38 29 038027 027028 028029 
29 38 029028 028027 027038 
11 30 011022 022032 032031 031030 
30 11 030031 031032 032022 022011 
11 31 011022 022032 032031 
31 11 031032 032022 022011 
41 32 041030 030031 031032 
32 41 032031 031030 030041 
35 33 035034 034033 
33 35 033034 034035 
11 34 011022 022033 033034 
34 11 034033 033022 022011 
38 35 038037 037036 036035 
35 38 035036 036037 037038 
38 36 038037 037036 
36 38 036037 037038 
35 37 035036 036037 
37 35 037036 036035 
15 38 015016 016027 027038 
38 15 038027 027016 016015 
41 39 041040 040039 
39 41 039040 040041 
38 40 038039 039040 
40 38 040039 039038 
38 41 038039 039040 040041 
41 38 041040 040039 039038 
11 42 011022 022033 033043 043042 
42 11 042043 043033 033022 022011 
11 43 011022 022033 033043 
43 11 043033 033022 022011 
35 44 035034 034033 033044 
44 35 044033 033034 034035 
11 45 011022 022033 033044 044045 
45 11 045044 044033 033022 022011 
38 46 038049 049048 048047 047046 
46 38 046047 047048 048049 049038 
38 47 038049 049048 048047 
47 38 047048 048049 049038 
35 48 035036 036047 047048 
48 35 048047 047036 036035 
15 49 015016 016027 027038 038049 
49 15 049038 038027 027016 016015 
41 50 041052 052051 051050 
50 41 050051 051052 052041 
38 51 038049 049050 050051 
51 38 051050 050049 049038 
38 52 038039 039040 040041 041052 
52 38 052041 041040 040039 039038 
11 53 011022 022033 033044 044054 054053 
53 11 053054 054044 044033 033022 022011 
11 54 011022 022033 033044 044054 
54 11 054044 044033 033022 022011 
35 55 035034 034033 033044 044055 
55 35 055044 044033 033034 034035 
11 56 011022 022033 033044 044055 055056 
56 11 056055 055044 044033 033022 022011 
38 57 038049 049060 060059 059058 058057 
57 38 057058 058059 059060 060049 049038 
38 58 038049 049060 060059 059058 
58 38 058059 059060 060049 049038 
35 59 035036 036047 047058 058059 
59 35 059058 058047 047036 036035 
35 60 035036 036037 037038 038049 049060 
60 35 060049 049038 038037 037036 036035 
41 61 041052 052063 063062 062061 
61 41 061062 062063 063052 052041 
38 62 038049 049060 060061 061062 
62 38 062061 061060 060049 049038 
38 63 038039 039040 040041 041052 052063 
63 38 063052 052041 041040 040039 039038 
11 64 011022 022033 033044 044055 055065 065064 
64 11 064065 065055 055044 044033 033022 022011 
11 65 011022 022033 033044 044055 055065 
65 11 065055 055044 044033 033022 022011 
