10 0 010000 
0 10 000010 
10 8 010009 009008 
8 10 008009 009010 
10 9 010009 
9 10 009010 
10 11 010021 021011 
11 10 011021 021010 
10 20 010021 021020 
20 10 020021 021010 
10 21 010021 
21 10 021010 
10 32 010021 021032 
32 10 032021 021010 
23 1 023024 024013 013002 002001 
1 23 001002 002013 013024 024023 
23 2 023024 024013 013002 
2 23 002013 013024 024023 
23 12 023024 024013 013012 
12 23 012013 013024 024023 
23 13 023024 024013 
13 23 013024 024023 
23 22 023022 
22 23 022023 
23 24 023024 
24 23 024023 
23 33 023022 022032 032043 043033 
33 23 033043 043032 032022 022023 
23 34 023024 024035 035034 
34 23 034035 035024 024023 
23 35 023024 024035 
35 23 035024 024023 
23 45 023024 024035 035046 046045 
45 23 045046 046035 035024 024023 
23 46 023024 024035 035046 
46 23 046035 035024 024023 
23 56 023024 024035 035046 046057 057056 
56 23 056057 057046 046035 035024 024023 
23 57 023024 024035 035046 046057 
57 23 057046 046035 035024 024023 
26 3 026015 015004 004003 
3 26 003004 004015 015026 
26 4 026015 015004 
4 26 004015 015026 
26 5 026015 015004 004005 
5 26 005004 004015 015026 
26 14 026015 015014 
14 26 014015 015026 
26 15 026015 
15 26 015026 
26 16 026015 015016 
16 26 016015 015026 
26 25 026025 
25 26 025026 
26 27 026027 
27 26 027026 
26 36 026037 037036 
36 26 036037 037026 
26 37 026037 
37 26 037026 
26 38 026037 037038 
38 26 038037 037026 
26 47 026037 037048 048047 
47 26 047048 048037 037026 
26 48 026037 037048 
48 26 048037 037026 
26 49 026037 037048 048049 
49 26 049048 048037 037026 
26 58 026037 037048 048059 059058 
58 26 058059 059048 048037 037026 
26 59 026037 037048 048059 
59 26 059048 048037 037026 
26 60 026037 037048 048059 059060 
60 26 060059 059048 048037 037026 
29 6 029018 018007 007006 
6 29 006007 007018 018029 
29 7 029018 018007 
7 29 007018 018029 
29 17 029018 018017 
17 29 017018 018029 
29 18 029018 
18 29 018029 
29 19 029018 018019 
19 29 019018 018029 
29 28 029028 
28 29 028029 
29 30 029030 
30 29 030029 
29 31 029030 030031 
31 29 031030 030029 
29 39 029040 040039 
39 29 039040 040029 
29 40 029040 
40 29 040029 
29 41 029040 040041 
41 29 041040 040029 
29 50 029040 040051 051050 
50 29 050051 051040 040029 
29 51 029040 040051 
51 29 051040 040029 
29 61 029040 040051 051062 062061 
61 29 061062 062051 051040 040029 
29 62 029040 040051 051062 
62 29 062051 051040 040029 
54 42 054043 043042 
42 54 042043 043054 
54 43 054043 
43 54 043054 
54 44 054044 
44 54 044054 
54 52 054053 053052 
52 54 052053 053054 
54 53 054053 
53 54 053054 
54 55 054065 065055 
55 54 055065 065054 
54 63 054065 065064 064063 
63 54 063064 064065 065054 
54 64 054065 065064 
64 54 064065 065054 
54 65 054065 
65 54 065054 
54 65 054065 
65 54 065054 
23 0 023022 022032 032021 021010 010000 
0 23 000010 010021 021032 032022 022023 
10 1 010000 000001 
1 10 001000 000010 
10 2 010000 000001 001002 
2 10 002001 001000 000010 
23 3 023024 024013 013002 002003 
3 23 003002 002013 013024 024023 
23 4 023024 024025 025026 026015 015004 
4 23 004015 015026 026025 025024 024023 
29 5 029018 018007 007006 006005 
5 29 005006 006007 007018 018029 
26 6 026015 015004 004005 005006 
6 26 006005 005004 004015 015026 
10 7 010009 009008 008007 
7 10 007008 008009 009010 
29 8 029018 018007 007008 
8 29 008007 007018 018029 
29 9 029018 018007 007008 008009 
9 29 009008 008007 007018 018029 
54 10 054043 043032 032021 021010 
10 54 010021 021032 032043 043054 
23 11 023022 022032 032021 021011 
11 23 011021 021032 032022 022023 
10 12 010021 021011 011012 
12 10 012011 011021 021010 
26 13 026015 015014 014013 
13 26 013014 014015 015026 
23 14 023024 024013 013014 
14 23 014013 013024 024023 
23 15 023024 024025 025026 026015 
15 23 015026 026025 025024 024023 
29 16 029018 018017 017016 
16 29 016017 017018 018029 
26 17 026015 015016 016017 
17 26 017016 016015 015026 
10 18 010021 021020 020019 019018 
18 10 018019 019020 020021 021010 
10 19 010021 021020 020019 
19 10 019020 020021 021010 
29 20 029018 018019 019020 
20 29 020019 019018 018029 
54 21 054043 043032 032021 
21 54 021032 032043 043054 
10 22 010021 021032 032022 
22 10 022032 032021 021010 
26 23 026025 025024 024023 
23 26 023024 024025 025026 
26 24 026025 025024 
24 26 024025 025026 
23 25 023024 024025 
25 23 025024 024023 
23 26 023024 024025 025026 
26 23 026025 025024 024023 
29 27 029028 028027 
27 29 027028 028029 
26 28 026027 027028 
28 26 028027 027026 
26 29 026027 027028 028029 
29 26 029028 028027 027026 
10 30 010021 021032 032031 031030 
30 10 030031 031032 032021 021010 
10 31 010021 021032 032031 
31 10 031032 032021 021010 
54 32 054043 043032 
32 54 032043 043054 
54 33 054043 043033 
33 54 033043 043054 
54 34 054043 043033 033034 
34 54 034033 033043 043054 
26 35 026037 037036 036035 
35 26 035036 036037 037026 
23 36 023024 024035 035036 
36 23 036035 035024 024023 
23 37 023024 024025 025026 026037 
37 23 037026 026025 025024 024023 
29 38 029040 040039 039038 
38 29 038039 039040 040029 
26 39 026037 037038 038039 
39 26 039038 038037 037026 
54 40 054043 043042 042041 041040 
40 54 040041 041042 042043 043054 
54 41 054043 043042 042041 
41 54 041042 042043 043054 
29 42 029040 040041 041042 
42 29 042041 041040 040029 
10 43 010021 021032 032043 
43 10 043032 032021 021010 
23 44 023022 022032 032043 043054 054044 
44 23 044054 054043 043032 032022 022023 
54 45 054044 044045 
45 54 045044 044054 
54 46 054044 044045 045046 
46 54 046045 045044 044054 
23 47 023024 024035 035046 046047 
47 23 047046 046035 035024 024023 
23 48 023024 024025 025026 026037 037048 
48 23 048037 037026 026025 025024 024023 
29 49 029040 040051 051050 050049 
49 29 049050 050051 051040 040029 
26 50 026037 037048 048049 049050 
50 26 050049 049048 048037 037026 
54 51 054053 053052 052051 
51 54 051052 052053 053054 
29 52 029040 040051 051052 
52 29 052051 051040 040029 
29 53 029040 040051 051052 052053 
53 29 053052 052051 051040 040029 
10 54 010021 021032 032043 043054 
54 10 054043 043032 032021 021010 
23 55 023022 022032 032043 043054 054065 065055 
55 23 055065 065054 054043 043032 032022 022023 
54 56 054065 065055 055056 
56 54 056055 055065 065054 
54 57 054065 065055 055056 056057 
57 54 057056 056055 055065 065054 
23 58 023024 024035 035046 046057 057058 
58 23 058057 057046 046035 035024 024023 
23 59 023024 024025 025026 026037 037048 048059 
59 23 059048 048037 037026 026025 025024 024023 
29 60 029040 040051 051062 062061 061060 
60 29 060061 061062 062051 051040 040029 
26 61 026037 037048 048059 059060 060061 
61 26 061060 060059 059048 048037 037026 
54 62 054065 065064 064063 063062 
62 54 062063 063064 064065 065054 
29 63 029040 040051 051062 062063 
63 29 063062 062051 051040 040029 
29 64 029040 040051 051062 062063 063064 
64 29 064063 063062 062051 051040 040029 
10 65 010021 021032 032043 043054 054065 
65 10 065054 054043 043032 032021 021010 
