0
0 15 000001 001002 002013 013014 014015 
0 28 000010 010009 009008 008019 019030 030029 029028 
0 43 000010 010021 021032 032043 
0 45 000001 001002 002013 013024 024035 035046 046045 
0 60 000001 001002 002013 013024 024035 035046 046057 057058 058059 059060 
15
15 0 015014 014013 013002 002001 001000 
15 28 015016 016027 027028 
15 43 015014 014013 013024 024035 035034 034033 033043 
15 45 015014 014013 013024 024035 035046 046045 
15 60 015016 016027 027038 038049 049060 
28
28 0 028029 029030 030019 019008 008009 009010 010000 
28 15 028027 027016 016015 
28 43 028029 029030 030041 041042 042043 
28 45 028027 027026 026025 025024 024035 035046 046045 
28 60 028027 027038 038049 049060 
43
43 0 043032 032021 021010 010000 
43 15 043033 033034 034035 035024 024013 013014 014015 
43 28 043042 042041 041030 030029 029028 
43 45 043054 054044 044045 
43 60 043042 042041 041040 040039 039038 038049 049060 
45
45 0 045046 046035 035024 024013 013002 002001 001000 
45 15 045046 046035 035024 024013 013014 014015 
45 28 045046 046035 035024 024025 025026 026027 027028 
45 43 045044 044054 054043 
45 60 045046 046057 057058 058059 059060 
60
60 0 060059 059058 058057 057046 046035 035024 024013 013002 002001 001000 
60 15 060049 049038 038027 027016 016015 
60 28 060049 049038 038027 027028 
60 43 060049 049038 038039 039040 040041 041042 042043 
60 45 060059 059058 058057 057046 046045 
