0
0 15 000001 001002 002003 003014 014015 
0 28 000011 011022 022032 032031 031030 030029 029028 
0 43 000011 011022 022033 033043 
0 45 000011 011022 022033 033044 044045 
0 60 000001 001002 002003 003014 014025 025036 036047 047058 058059 059060 
15
15 0 015014 014003 003002 002001 001000 
15 28 015016 016017 017028 
15 43 015014 014025 025036 036035 035034 034033 033043 
15 45 015014 014025 025036 036047 047046 046045 
15 60 015014 014025 025036 036047 047058 058059 059060 
28
28 0 028029 029030 030031 031032 032022 022011 011000 
28 15 028017 017016 016015 
28 43 028029 029030 030041 041042 042043 
28 45 028027 027026 026025 025036 036047 047046 046045 
28 60 028039 039050 050061 061060 
43
43 0 043033 033022 022011 011000 
43 15 043033 033034 034035 035036 036025 025014 014015 
43 28 043042 042041 041030 030029 029028 
43 45 043033 033044 044045 
43 60 043042 042041 041052 052063 063062 062061 061060 
45
45 0 045044 044033 033022 022011 011000 
45 15 045046 046047 047036 036025 025014 014015 
45 28 045046 046047 047036 036025 025026 026027 027028 
45 43 045044 044033 033043 
45 60 045046 046047 047058 058059 059060 
60
60 0 060059 059058 058047 047036 036025 025014 014003 003002 002001 001000 
60 15 060059 059058 058047 047036 036025 025014 014015 
60 28 060061 061050 050039 039028 
60 43 060061 061062 062063 063052 052041 041042 042043 
60 45 060059 059058 058047 047046 046045 
