1
1 20 001000 000011 011021 021020 
1 26 001002 002003 003014 014025 025026 
1 40 001000 000011 011022 022033 033043 043042 042041 041040 
1 45 001000 000011 011022 022033 033044 044045 
1 53 001000 000011 011022 022033 033044 044054 054053 
20
20 1 020021 021011 011000 000001 
20 26 020019 019018 018017 017028 028027 027026 
20 40 020031 031042 042041 041040 
20 45 020021 021011 011022 022033 033044 044045 
20 53 020031 031042 042053 
26
26 1 026025 025014 014003 003002 002001 
26 20 026027 027028 028017 017018 018019 019020 
26 40 026027 027028 028039 039040 
26 45 026025 025036 036047 047046 046045 
26 53 026027 027028 028039 039050 050051 051052 052053 
40
40 1 040041 041042 042043 043033 033022 022011 011000 000001 
40 20 040041 041042 042031 031020 
40 26 040039 039028 028027 027026 
40 45 040041 041042 042043 043033 033044 044045 
40 53 040041 041042 042053 
45
45 1 045044 044033 033022 022011 011000 000001 
45 20 045044 044033 033022 022011 011021 021020 
45 26 045046 046047 047036 036025 025026 
45 40 045044 044033 033043 043042 042041 041040 
45 53 045044 044054 054053 
53
53 1 053054 054044 044033 033022 022011 011000 000001 
53 20 053042 042031 031020 
53 26 053052 052051 051050 050039 039028 028027 027026 
53 40 053042 042041 041040 
53 45 053054 054044 044045 
