1
1 20 001012 012011 011021 021020 
1 26 001002 002003 003004 004015 015026 
1 40 001000 000010 010009 009008 008007 007018 018029 029040 
1 45 001012 012023 023034 034045 
1 53 001012 012023 023034 034045 045044 044054 054053 
20
20 1 020021 021011 011012 012001 
20 26 020019 019018 018029 029028 028027 027026 
20 40 020019 019018 018029 029040 
20 45 020021 021011 011012 012023 023034 034045 
20 53 020021 021032 032043 043054 054053 
26
26 1 026015 015004 004003 003002 002001 
26 20 026027 027028 028029 029018 018019 019020 
26 40 026027 027028 028029 029040 
26 45 026037 037048 048047 047046 046045 
26 53 026027 027028 028029 029040 040051 051052 052053 
40
40 1 040029 029018 018007 007008 008009 009010 010000 000001 
40 20 040029 029018 018019 019020 
40 26 040029 029028 028027 027026 
40 45 040051 051052 052053 053054 054044 044045 
40 53 040051 051052 052053 
45
45 1 045034 034023 023012 012001 
45 20 045034 034023 023012 012011 011021 021020 
45 26 045046 046047 047048 048037 037026 
45 40 045044 044054 054053 053052 052051 051040 
45 53 045044 044054 054053 
53
53 1 053054 054044 044045 045034 034023 023012 012001 
53 20 053054 054043 043032 032021 021020 
53 26 053052 052051 051040 040029 029028 028027 027026 
53 40 053052 052051 051040 
53 45 053054 054044 044045 
