1
1 20 001000 000010 010009 009020 
1 26 001012 012023 023024 024025 025026 
1 40 001000 000010 010009 009020 020031 031042 042041 041040 
1 45 001012 012023 023034 034045 
1 53 001000 000010 010009 009020 020031 031042 042053 
20
20 1 020009 009010 010000 000001 
20 26 020031 031030 030029 029028 028027 027026 
20 40 020031 031042 042041 041040 
20 45 020031 031042 042053 053054 054044 044045 
20 53 020031 031042 042053 
26
26 1 026025 025024 024023 023012 012001 
26 20 026027 027028 028029 029030 030031 031020 
26 40 026037 037038 038039 039040 
26 45 026025 025024 024023 023034 034045 
26 53 026027 027028 028029 029030 030031 031042 042053 
40
40 1 040041 041042 042031 031020 020009 009010 010000 000001 
40 20 040041 041042 042031 031020 
40 26 040039 039038 038037 037026 
40 45 040041 041042 042053 053054 054044 044045 
40 53 040041 041042 042053 
45
45 1 045034 034023 023012 012001 
45 20 045044 044054 054053 053042 042031 031020 
45 26 045034 034023 023024 024025 025026 
45 40 045044 044054 054053 053042 042041 041040 
45 53 045044 044054 054053 
53
53 1 053042 042031 031020 020009 009010 010000 000001 
53 20 053042 042031 031020 
53 26 053042 042031 031030 030029 029028 028027 027026 
53 40 053042 042041 041040 
53 45 053054 054044 044045 
