0
0 15 000001 001002 002003 003004 004015 
0 28 000010 010021 021032 032031 031030 030029 029028 
0 43 000010 010021 021032 032043 
0 45 000010 010021 021032 032043 043054 054044 044045 
0 60 000001 001002 002003 003004 004015 015026 026037 037048 048059 059060 
15
15 0 015004 004003 003002 002001 001000 
15 28 015026 026027 027028 
15 43 015014 014013 013012 012011 011021 021032 032043 
15 45 015026 026037 037048 048047 047046 046045 
15 60 015026 026037 037048 048059 059060 
28
28 0 028029 029030 030031 031032 032021 021010 010000 
28 15 028027 027026 026015 
28 43 028029 029030 030031 031032 032043 
28 45 028027 027026 026037 037048 048047 047046 046045 
28 60 028029 029040 040051 051062 062061 061060 
43
43 0 043032 032021 021010 010000 
43 15 043032 032021 021011 011012 012013 013014 014015 
43 28 043032 032031 031030 030029 029028 
43 45 043054 054044 044045 
43 60 043054 054065 065064 064063 063062 062061 061060 
45
45 0 045044 044054 054043 043032 032021 021010 010000 
45 15 045046 046047 047048 048037 037026 026015 
45 28 045046 046047 047048 048037 037026 026027 027028 
45 43 045044 044054 054043 
45 60 045046 046047 047048 048059 059060 
60
60 0 060059 059048 048037 037026 026015 015004 004003 003002 002001 001000 
60 15 060059 059048 048037 037026 026015 
60 28 060061 061062 062051 051040 040029 029028 
60 43 060061 061062 062063 063064 064065 065054 054043 
60 45 060059 059048 048047 047046 046045 
