1
1 20 001012 012011 011021 021020 
1 26 001012 012023 023024 024025 025026 
1 40 001012 012023 023034 034033 033043 043042 042041 041040 
1 45 001012 012023 023034 034045 
1 53 001012 012023 023034 034045 045044 044054 054053 
20
20 1 020021 021011 011012 012001 
20 26 020019 019018 018017 017016 016015 015026 
20 40 020019 019018 018029 029040 
20 45 020021 021011 011012 012023 023034 034045 
20 53 020031 031042 042053 
26
26 1 026025 025024 024023 023012 012001 
26 20 026015 015016 016017 017018 018019 019020 
26 40 026037 037038 038039 039040 
26 45 026025 025024 024023 023034 034045 
26 53 026037 037048 048049 049050 050051 051052 052053 
40
40 1 040041 041042 042043 043033 033034 034023 023012 012001 
40 20 040029 029018 018019 019020 
40 26 040039 039038 038037 037026 
40 45 040041 041042 042043 043033 033034 034045 
40 53 040051 051052 052053 
45
45 1 045034 034023 023012 012001 
45 20 045034 034023 023012 012011 011021 021020 
45 26 045034 034023 023024 024025 025026 
45 40 045034 034033 033043 043042 042041 041040 
45 53 045044 044054 054053 
53
53 1 053054 054044 044045 045034 034023 023012 012001 
53 20 053042 042031 031020 
53 26 053052 052051 051050 050049 049048 048037 037026 
53 40 053052 052051 051040 
53 45 053054 054044 044045 
