0
0 15 000001 001002 002003 003014 014015 
0 28 000010 010009 009020 020031 031030 030029 029028 
0 43 000010 010009 009020 020031 031042 042043 
0 45 000001 001012 012023 023034 034045 
0 60 000001 001002 002003 003014 014025 025036 036047 047058 058059 059060 
15
15 0 015014 014003 003002 002001 001000 
15 28 015016 016017 017028 
15 43 015014 014025 025036 036035 035034 034033 033043 
15 45 015014 014025 025036 036047 047046 046045 
15 60 015016 016017 017028 028039 039050 050061 061060 
28
28 0 028029 029030 030031 031020 020009 009010 010000 
28 15 028017 017016 016015 
28 43 028029 029030 030031 031042 042043 
28 45 028039 039050 050049 049048 048047 047046 046045 
28 60 028039 039050 050061 061060 
43
43 0 043042 042031 031020 020009 009010 010000 
43 15 043033 033034 034035 035036 036025 025014 014015 
43 28 043042 042031 031030 030029 029028 
43 45 043033 033034 034045 
43 60 043042 042053 053064 064063 063062 062061 061060 
45
45 0 045034 034023 023012 012001 001000 
45 15 045046 046047 047036 036025 025014 014015 
45 28 045046 046047 047048 048049 049050 050039 039028 
45 43 045034 034033 033043 
45 60 045046 046047 047058 058059 059060 
60
60 0 060059 059058 058047 047036 036025 025014 014003 003002 002001 001000 
60 15 060061 061050 050039 039028 028017 017016 016015 
60 28 060061 061050 050039 039028 
60 43 060061 061062 062063 063064 064053 053042 042043 
60 45 060059 059058 058047 047046 046045 
