0
0 15 000011 011012 012013 013014 014015 
0 28 000011 011022 022032 032031 031030 030029 029028 
0 43 000011 011022 022033 033043 
0 45 000011 011022 022033 033044 044045 
0 60 000011 011022 022033 033044 044055 055056 056057 057058 058059 059060 
15
15 0 015014 014013 013012 012011 011000 
15 28 015016 016027 027028 
15 43 015014 014013 013012 012011 011022 022033 033043 
15 45 015014 014025 025036 036047 047046 046045 
15 60 015016 016027 027038 038049 049060 
28
28 0 028029 029030 030031 031032 032022 022011 011000 
28 15 028027 027016 016015 
28 43 028029 029030 030041 041042 042043 
28 45 028027 027038 038049 049048 048047 047046 046045 
28 60 028027 027038 038049 049060 
43
43 0 043033 033022 022011 011000 
43 15 043033 033022 022011 011012 012013 013014 014015 
43 28 043042 042041 041030 030029 029028 
43 45 043033 033044 044045 
43 60 043042 042041 041052 052063 063062 062061 061060 
45
45 0 045044 044033 033022 022011 011000 
45 15 045046 046047 047036 036025 025014 014015 
45 28 045046 046047 047048 048049 049038 038027 027028 
45 43 045044 044033 033043 
45 60 045046 046047 047048 048049 049060 
60
60 0 060059 059058 058057 057056 056055 055044 044033 033022 022011 011000 
60 15 060049 049038 038027 027016 016015 
60 28 060049 049038 038027 027028 
60 43 060061 061062 062063 063052 052041 041042 042043 
60 45 060049 049048 048047 047046 046045 
