1
1 20 001000 000010 010021 021020 
1 26 001002 002013 013024 024025 025026 
1 40 001000 000010 010021 021032 032043 043042 042041 041040 
1 45 001012 012023 023034 034045 
1 53 001000 000010 010021 021032 032043 043054 054053 
20
20 1 020021 021010 010000 000001 
20 26 020019 019018 018029 029028 028027 027026 
20 40 020019 019018 018029 029040 
20 45 020021 021032 032043 043054 054044 044045 
20 53 020021 021032 032043 043054 054053 
26
26 1 026025 025024 024013 013002 002001 
26 20 026027 027028 028029 029018 018019 019020 
26 40 026027 027028 028029 029040 
26 45 026025 025024 024035 035046 046045 
26 53 026027 027028 028029 029040 040051 051052 052053 
40
40 1 040041 041042 042043 043032 032021 021010 010000 000001 
40 20 040029 029018 018019 019020 
40 26 040029 029028 028027 027026 
40 45 040041 041042 042043 043054 054044 044045 
40 53 040051 051052 052053 
45
45 1 045034 034023 023012 012001 
45 20 045044 044054 054043 043032 032021 021020 
45 26 045046 046035 035024 024025 025026 
45 40 045044 044054 054043 043042 042041 041040 
45 53 045044 044054 054053 
53
53 1 053054 054043 043032 032021 021010 010000 000001 
53 20 053054 054043 043032 032021 021020 
53 26 053052 052051 051040 040029 029028 028027 027026 
53 40 053052 052051 051040 
53 45 053054 054044 044045 
