0
0 15 000001 001012 012013 013014 014015 
0 28 000010 010009 009008 008007 007018 018029 029028 
0 43 000001 001012 012023 023034 034033 033043 
0 45 000001 001012 012023 023034 034045 
0 60 000001 001012 012023 023034 034045 045056 056057 057058 058059 059060 
15
15 0 015014 014013 013012 012001 001000 
15 28 015026 026027 027028 
15 43 015014 014013 013012 012023 023034 034033 033043 
15 45 015014 014013 013012 012023 023034 034045 
15 60 015026 026037 037048 048059 059060 
28
28 0 028029 029018 018007 007008 008009 009010 010000 
28 15 028027 027026 026015 
28 43 028029 029040 040041 041042 042043 
28 45 028027 027026 026025 025024 024023 023034 034045 
28 60 028027 027026 026037 037048 048059 059060 
43
43 0 043033 033034 034023 023012 012001 001000 
43 15 043033 033034 034023 023012 012013 013014 014015 
43 28 043042 042041 041040 040029 029028 
43 45 043033 033034 034045 
43 60 043042 042041 041040 040051 051062 062061 061060 
45
45 0 045034 034023 023012 012001 001000 
45 15 045034 034023 023012 012013 013014 014015 
45 28 045034 034023 023024 024025 025026 026027 027028 
45 43 045034 034033 033043 
45 60 045056 056057 057058 058059 059060 
60
60 0 060059 059058 058057 057056 056045 045034 034023 023012 012001 001000 
60 15 060059 059048 048037 037026 026015 
60 28 060059 059048 048037 037026 026027 027028 
60 43 060061 061062 062051 051040 040041 041042 042043 
60 45 060059 059058 058057 057056 056045 
