1
1 20 001000 000011 011021 021020 
1 26 001002 002013 013024 024025 025026 
1 40 001000 000010 010009 009008 008019 019030 030041 041040 
1 45 001012 012023 023034 034045 
1 53 001000 000011 011022 022033 033044 044054 054053 
20
20 1 020021 021011 011000 000001 
20 26 020019 019030 030029 029028 028027 027026 
20 40 020019 019030 030041 041040 
20 45 020021 021011 011022 022033 033044 044045 
20 53 020019 019030 030041 041052 052053 
26
26 1 026025 025024 024013 013002 002001 
26 20 026027 027028 028029 029030 030019 019020 
26 40 026027 027038 038039 039040 
26 45 026025 025024 024035 035046 046045 
26 53 026027 027028 028029 029030 030041 041052 052053 
40
40 1 040041 041030 030019 019008 008009 009010 010000 000001 
40 20 040041 041030 030019 019020 
40 26 040039 039038 038027 027026 
40 45 040041 041052 052053 053054 054044 044045 
40 53 040041 041052 052053 
45
45 1 045034 034023 023012 012001 
45 20 045044 044033 033022 022011 011021 021020 
45 26 045046 046035 035024 024025 025026 
45 40 045044 044054 054053 053052 052041 041040 
45 53 045044 044054 054053 
53
53 1 053054 054044 044033 033022 022011 011000 000001 
53 20 053052 052041 041030 030019 019020 
53 26 053052 052041 041030 030029 029028 028027 027026 
53 40 053052 052041 041040 
53 45 053054 054044 044045 
