66

0 1 0.013450
1 0 0.013450
0 10 0.013450
10 0 0.013450
0 11 0.009930
11 0 0.009930
1 2 0.013450
2 1 0.013450
2 3 0.013450
3 2 0.013450
3 4 0.013450
4 3 0.013450
3 14 0.011820
14 3 0.011820
4 5 0.013450
5 4 0.013450
4 15 0.013630
15 4 0.013630
5 6 0.013450
6 5 0.013450
5 16 0.011880
16 5 0.011880
6 7 0.013450
7 6 0.013450
7 8 0.013450
8 7 0.013450
8 9 0.013450
9 8 0.013450
8 19 0.009660
19 8 0.009660
9 10 0.013450
10 9 0.013450
9 20 0.013020
20 9 0.013020
10 21 0.013170
21 10 0.013170
11 12 0.013450
12 11 0.013450
11 21 0.013450
21 11 0.013450
11 22 0.010900
22 11 0.010900
12 13 0.013450
13 12 0.013450
13 14 0.013450
14 13 0.013450
14 15 0.013450
15 14 0.013450
14 25 0.012650
25 14 0.012650
15 16 0.013450
16 15 0.013450
15 26 0.014350
26 15 0.014350
16 17 0.013450
17 16 0.013450
16 27 0.012700
27 16 0.012700
17 18 0.013450
18 17 0.013450
18 19 0.013450
19 18 0.013450
19 20 0.013450
20 19 0.013450
19 30 0.010660
30 19 0.010660
20 21 0.013450
21 20 0.013450
20 31 0.013780
31 20 0.013780
21 32 0.013920
32 21 0.013920
22 23 0.013450
23 22 0.013450
22 32 0.013450
32 22 0.013450
22 33 0.009930
33 22 0.009930
23 24 0.013450
24 23 0.013450
24 25 0.013450
25 24 0.013450
25 26 0.013450
26 25 0.013450
25 36 0.011820
36 25 0.011820
26 27 0.013450
27 26 0.013450
26 37 0.013630
37 26 0.013630
27 28 0.013450
28 27 0.013450
27 38 0.011880
38 27 0.011880
28 29 0.013450
29 28 0.013450
29 30 0.013450
30 29 0.013450
30 31 0.013450
31 30 0.013450
30 41 0.009660
41 30 0.009660
31 32 0.013450
32 31 0.013450
31 42 0.013020
42 31 0.013020
32 43 0.013170
43 32 0.013170
33 34 0.013450
34 33 0.013450
33 43 0.013450
43 33 0.013450
33 44 0.010900
44 33 0.010900
34 35 0.013450
35 34 0.013450
35 36 0.013450
36 35 0.013450
36 37 0.013450
37 36 0.013450
36 47 0.012650
47 36 0.012650
37 38 0.013450
38 37 0.013450
37 48 0.014350
48 37 0.014350
38 39 0.013450
39 38 0.013450
38 49 0.012700
49 38 0.012700
39 40 0.013450
40 39 0.013450
40 41 0.013450
41 40 0.013450
41 42 0.013450
42 41 0.013450
41 52 0.010660
52 41 0.010660
42 43 0.013450
43 42 0.013450
42 53 0.013780
53 42 0.013780
43 54 0.013920
54 43 0.013920
44 45 0.013450
45 44 0.013450
44 54 0.013450
54 44 0.013450
44 55 0.009930
55 44 0.009930
45 46 0.013450
46 45 0.013450
46 47 0.013450
47 46 0.013450
47 48 0.013450
48 47 0.013450
47 58 0.011820
58 47 0.011820
48 49 0.013450
49 48 0.013450
48 59 0.013630
59 48 0.013630
49 50 0.013450
50 49 0.013450
49 60 0.011880
60 49 0.011880
50 51 0.013450
51 50 0.013450
51 52 0.013450
52 51 0.013450
52 53 0.013450
53 52 0.013450
52 63 0.009660
63 52 0.009660
53 54 0.013450
54 53 0.013450
53 64 0.013020
64 53 0.013020
54 65 0.013170
65 54 0.013170
55 56 0.013450
56 55 0.013450
55 65 0.013450
65 55 0.013450
56 57 0.013450
57 56 0.013450
57 58 0.013450
58 57 0.013450
58 59 0.013450
59 58 0.013450
59 60 0.013450
60 59 0.013450
60 61 0.013450
61 60 0.013450
61 62 0.013450
62 61 0.013450
62 63 0.013450
63 62 0.013450
63 64 0.013450
64 63 0.013450
64 65 0.013450
65 64 0.013450
