66

0 1 0.013450
1 0 0.013450
0 10 0.013450
10 0 0.013450
0 11 0.013630
11 0 0.013630
1 2 0.013450
2 1 0.013450
1 12 0.012040
12 1 0.012040
2 3 0.013450
3 2 0.013450
3 4 0.013450
4 3 0.013450
4 5 0.013450
5 4 0.013450
4 15 0.009660
15 4 0.009660
5 6 0.013450
6 5 0.013450
5 16 0.013030
16 5 0.013030
6 7 0.013450
7 6 0.013450
6 17 0.013330
17 6 0.013330
7 8 0.013450
8 7 0.013450
7 18 0.009960
18 7 0.009960
8 9 0.013450
9 8 0.013450
9 10 0.013450
10 9 0.013450
10 21 0.011830
21 10 0.011830
11 12 0.013450
12 11 0.013450
11 21 0.013450
21 11 0.013450
11 22 0.014350
22 11 0.014350
12 13 0.013450
13 12 0.013450
12 23 0.012860
23 12 0.012860
13 14 0.013450
14 13 0.013450
14 15 0.013450
15 14 0.013450
15 16 0.013450
16 15 0.013450
15 26 0.010650
26 15 0.010650
16 17 0.013450
17 16 0.013450
16 27 0.013780
27 16 0.013780
17 18 0.013450
18 17 0.013450
17 28 0.014070
28 17 0.014070
18 19 0.013450
19 18 0.013450
18 29 0.010920
29 18 0.010920
19 20 0.013450
20 19 0.013450
20 21 0.013450
21 20 0.013450
21 32 0.012650
32 21 0.012650
22 23 0.013450
23 22 0.013450
22 32 0.013450
32 22 0.013450
22 33 0.013630
33 22 0.013630
23 24 0.013450
24 23 0.013450
23 34 0.012040
34 23 0.012040
24 25 0.013450
25 24 0.013450
25 26 0.013450
26 25 0.013450
26 27 0.013450
27 26 0.013450
26 37 0.009660
37 26 0.009660
27 28 0.013450
28 27 0.013450
27 38 0.013030
38 27 0.013030
28 29 0.013450
29 28 0.013450
28 39 0.013330
39 28 0.013330
29 30 0.013450
30 29 0.013450
29 40 0.009960
40 29 0.009960
30 31 0.013450
31 30 0.013450
31 32 0.013450
32 31 0.013450
32 43 0.011830
43 32 0.011830
33 34 0.013450
34 33 0.013450
33 43 0.013450
43 33 0.013450
33 44 0.014350
44 33 0.014350
34 35 0.013450
35 34 0.013450
34 45 0.012860
45 34 0.012860
35 36 0.013450
36 35 0.013450
36 37 0.013450
37 36 0.013450
37 38 0.013450
38 37 0.013450
37 48 0.010650
48 37 0.010650
38 39 0.013450
39 38 0.013450
38 49 0.013780
49 38 0.013780
39 40 0.013450
40 39 0.013450
39 50 0.014070
50 39 0.014070
40 41 0.013450
41 40 0.013450
40 51 0.010920
51 40 0.010920
41 42 0.013450
42 41 0.013450
42 43 0.013450
43 42 0.013450
43 54 0.012650
54 43 0.012650
44 45 0.013450
45 44 0.013450
44 54 0.013450
54 44 0.013450
44 55 0.013630
55 44 0.013630
45 46 0.013450
46 45 0.013450
45 56 0.012040
56 45 0.012040
46 47 0.013450
47 46 0.013450
47 48 0.013450
48 47 0.013450
48 49 0.013450
49 48 0.013450
48 59 0.009660
59 48 0.009660
49 50 0.013450
50 49 0.013450
49 60 0.013030
60 49 0.013030
50 51 0.013450
51 50 0.013450
50 61 0.013330
61 50 0.013330
51 52 0.013450
52 51 0.013450
51 62 0.009960
62 51 0.009960
52 53 0.013450
53 52 0.013450
53 54 0.013450
54 53 0.013450
54 65 0.011830
65 54 0.011830
55 56 0.013450
56 55 0.013450
55 65 0.013450
65 55 0.013450
56 57 0.013450
57 56 0.013450
57 58 0.013450
58 57 0.013450
58 59 0.013450
59 58 0.013450
59 60 0.013450
60 59 0.013450
60 61 0.013450
61 60 0.013450
61 62 0.013450
62 61 0.013450
62 63 0.013450
63 62 0.013450
63 64 0.013450
64 63 0.013450
64 65 0.013450
65 64 0.013450
