66

0 1 0.013450
1 0 0.013450
0 10 0.013450
10 0 0.013450
0 11 0.012030
11 0 0.012030
1 2 0.013450
2 1 0.013450
2 3 0.013450
3 2 0.013450
3 4 0.013450
4 3 0.013450
3 14 0.009660
14 3 0.009660
4 5 0.013450
5 4 0.013450
4 15 0.013100
15 4 0.013100
5 6 0.013450
6 5 0.013450
5 16 0.013250
16 5 0.013250
6 7 0.013450
7 6 0.013450
6 17 0.010130
17 6 0.010130
7 8 0.013450
8 7 0.013450
8 9 0.013450
9 8 0.013450
9 10 0.013450
10 9 0.013450
9 20 0.011830
20 9 0.011830
10 21 0.013630
21 10 0.013630
11 12 0.013450
12 11 0.013450
11 21 0.013450
21 11 0.013450
11 22 0.012840
22 11 0.012840
12 13 0.013450
13 12 0.013450
13 14 0.013450
14 13 0.013450
14 15 0.013450
15 14 0.013450
14 25 0.010650
25 14 0.010650
15 16 0.013450
16 15 0.013450
15 26 0.013850
26 15 0.013850
16 17 0.013450
17 16 0.013450
16 27 0.013990
27 16 0.013990
17 18 0.013450
18 17 0.013450
17 28 0.011080
28 17 0.011080
18 19 0.013450
19 18 0.013450
19 20 0.013450
20 19 0.013450
20 21 0.013450
21 20 0.013450
20 31 0.012650
31 20 0.012650
21 32 0.014350
32 21 0.014350
22 23 0.013450
23 22 0.013450
22 32 0.013450
32 22 0.013450
22 33 0.012030
33 22 0.012030
23 24 0.013450
24 23 0.013450
24 25 0.013450
25 24 0.013450
25 26 0.013450
26 25 0.013450
25 36 0.009660
36 25 0.009660
26 27 0.013450
27 26 0.013450
26 37 0.013100
37 26 0.013100
27 28 0.013450
28 27 0.013450
27 38 0.013250
38 27 0.013250
28 29 0.013450
29 28 0.013450
28 39 0.010130
39 28 0.010130
29 30 0.013450
30 29 0.013450
30 31 0.013450
31 30 0.013450
31 32 0.013450
32 31 0.013450
31 42 0.011830
42 31 0.011830
32 43 0.013630
43 32 0.013630
33 34 0.013450
34 33 0.013450
33 43 0.013450
43 33 0.013450
33 44 0.012840
44 33 0.012840
34 35 0.013450
35 34 0.013450
35 36 0.013450
36 35 0.013450
36 37 0.013450
37 36 0.013450
36 47 0.010650
47 36 0.010650
37 38 0.013450
38 37 0.013450
37 48 0.013850
48 37 0.013850
38 39 0.013450
39 38 0.013450
38 49 0.013990
49 38 0.013990
39 40 0.013450
40 39 0.013450
39 50 0.011080
50 39 0.011080
40 41 0.013450
41 40 0.013450
41 42 0.013450
42 41 0.013450
42 43 0.013450
43 42 0.013450
42 53 0.012650
53 42 0.012650
43 54 0.014350
54 43 0.014350
44 45 0.013450
45 44 0.013450
44 54 0.013450
54 44 0.013450
44 55 0.012030
55 44 0.012030
45 46 0.013450
46 45 0.013450
46 47 0.013450
47 46 0.013450
47 48 0.013450
48 47 0.013450
47 58 0.009660
58 47 0.009660
48 49 0.013450
49 48 0.013450
48 59 0.013100
59 48 0.013100
49 50 0.013450
50 49 0.013450
49 60 0.013250
60 49 0.013250
50 51 0.013450
51 50 0.013450
50 61 0.010130
61 50 0.010130
51 52 0.013450
52 51 0.013450
52 53 0.013450
53 52 0.013450
53 54 0.013450
54 53 0.013450
53 64 0.011830
64 53 0.011830
54 65 0.013630
65 54 0.013630
55 56 0.013450
56 55 0.013450
55 65 0.013450
65 55 0.013450
56 57 0.013450
57 56 0.013450
57 58 0.013450
58 57 0.013450
58 59 0.013450
59 58 0.013450
59 60 0.013450
60 59 0.013450
60 61 0.013450
61 60 0.013450
61 62 0.013450
62 61 0.013450
62 63 0.013450
63 62 0.013450
63 64 0.013450
64 63 0.013450
64 65 0.013450
65 64 0.013450
