66

0 1 0.013450
1 0 0.013450
0 10 0.013450
10 0 0.013450
0 11 0.010590
11 0 0.010590
1 2 0.013450
2 1 0.013450
1 12 0.013390
12 1 0.013390
2 3 0.013450
3 2 0.013450
2 13 0.012940
13 2 0.012940
3 4 0.013450
4 3 0.013450
3 14 0.008990
14 3 0.008990
4 5 0.013450
5 4 0.013450
5 6 0.013450
6 5 0.013450
6 7 0.013450
7 6 0.013450
6 17 0.012500
17 6 0.012500
7 8 0.013450
8 7 0.013450
7 18 0.013570
18 7 0.013570
8 9 0.013450
9 8 0.013450
8 19 0.011290
19 8 0.011290
9 10 0.013450
10 9 0.013450
11 12 0.013450
12 11 0.013450
11 21 0.013450
21 11 0.013450
11 22 0.011510
22 11 0.011510
12 13 0.013450
13 12 0.013450
12 23 0.014130
23 12 0.014130
13 14 0.013450
14 13 0.013450
13 24 0.013690
24 13 0.013690
14 15 0.013450
15 14 0.013450
14 25 0.010050
25 14 0.010050
15 16 0.013450
16 15 0.013450
16 17 0.013450
17 16 0.013450
17 18 0.013450
18 17 0.013450
17 28 0.013280
28 17 0.013280
18 19 0.013450
19 18 0.013450
18 29 0.014290
29 18 0.014290
19 20 0.013450
20 19 0.013450
19 30 0.012150
30 19 0.012150
20 21 0.013450
21 20 0.013450
22 23 0.013450
23 22 0.013450
22 32 0.013450
32 22 0.013450
22 33 0.010590
33 22 0.010590
23 24 0.013450
24 23 0.013450
23 34 0.013390
34 23 0.013390
24 25 0.013450
25 24 0.013450
24 35 0.012940
35 24 0.012940
25 26 0.013450
26 25 0.013450
25 36 0.008990
36 25 0.008990
26 27 0.013450
27 26 0.013450
27 28 0.013450
28 27 0.013450
28 29 0.013450
29 28 0.013450
28 39 0.012500
39 28 0.012500
29 30 0.013450
30 29 0.013450
29 40 0.013570
40 29 0.013570
30 31 0.013450
31 30 0.013450
30 41 0.011290
41 30 0.011290
31 32 0.013450
32 31 0.013450
33 34 0.013450
34 33 0.013450
33 43 0.013450
43 33 0.013450
33 44 0.011510
44 33 0.011510
34 35 0.013450
35 34 0.013450
34 45 0.014130
45 34 0.014130
35 36 0.013450
36 35 0.013450
35 46 0.013690
46 35 0.013690
36 37 0.013450
37 36 0.013450
36 47 0.010050
47 36 0.010050
37 38 0.013450
38 37 0.013450
38 39 0.013450
39 38 0.013450
39 40 0.013450
40 39 0.013450
39 50 0.013280
50 39 0.013280
40 41 0.013450
41 40 0.013450
40 51 0.014290
51 40 0.014290
41 42 0.013450
42 41 0.013450
41 52 0.012150
52 41 0.012150
42 43 0.013450
43 42 0.013450
44 45 0.013450
45 44 0.013450
44 54 0.013450
54 44 0.013450
44 55 0.010590
55 44 0.010590
45 46 0.013450
46 45 0.013450
45 56 0.013390
56 45 0.013390
46 47 0.013450
47 46 0.013450
46 57 0.012940
57 46 0.012940
47 48 0.013450
48 47 0.013450
47 58 0.008990
58 47 0.008990
48 49 0.013450
49 48 0.013450
49 50 0.013450
50 49 0.013450
50 51 0.013450
51 50 0.013450
50 61 0.012500
61 50 0.012500
51 52 0.013450
52 51 0.013450
51 62 0.013570
62 51 0.013570
52 53 0.013450
53 52 0.013450
52 63 0.011290
63 52 0.011290
53 54 0.013450
54 53 0.013450
55 56 0.013450
56 55 0.013450
55 65 0.013450
65 55 0.013450
56 57 0.013450
57 56 0.013450
57 58 0.013450
58 57 0.013450
58 59 0.013450
59 58 0.013450
59 60 0.013450
60 59 0.013450
60 61 0.013450
61 60 0.013450
61 62 0.013450
62 61 0.013450
62 63 0.013450
63 62 0.013450
63 64 0.013450
64 63 0.013450
64 65 0.013450
65 64 0.013450
