13 0 013002 002001 001000 
0 13 000001 001002 002013 
13 1 013002 002001 
1 13 001002 002013 
13 2 013002 
2 13 002013 
13 3 013002 002003 
3 13 003002 002013 
13 4 013002 002003 003004 
4 13 004003 003002 002013 
13 5 013014 014015 015016 016005 
5 13 005016 016015 015014 014013 
13 6 013014 014015 015016 016005 005006 
6 13 006005 005016 016015 015014 014013 
13 7 013014 014015 015016 016005 005006 006007 
7 13 007006 006005 005016 016015 015014 014013 
13 8 013012 012011 011021 021020 020019 019008 
8 13 008019 019020 020021 021011 011012 012013 
13 9 013002 002001 001000 000010 010009 
9 13 009010 010000 000001 001002 002013 
13 10 013002 002001 001000 000010 
10 13 010000 000001 001002 002013 
13 11 013012 012011 
11 13 011012 012013 
13 12 013012 
12 13 012013 
13 14 013014 
14 13 014013 
13 15 013014 014015 
15 13 015014 014013 
13 16 013014 014015 015016 
16 13 016015 015014 014013 
13 17 013014 014015 015016 016017 
17 13 017016 016015 015014 014013 
13 18 013014 014015 015016 016017 017018 
18 13 018017 017016 016015 015014 014013 
13 19 013012 012011 011021 021020 020019 
19 13 019020 020021 021011 011012 012013 
13 20 013012 012011 011021 021020 
20 13 020021 021011 011012 012013 
13 21 013012 012011 011021 
21 13 021011 011012 012013 
13 22 013024 024023 023022 
22 13 022023 023024 024013 
13 23 013024 024023 
23 13 023024 024013 
13 24 013024 
24 13 024013 
13 25 013024 024025 
25 13 025024 024013 
13 26 013024 024025 025026 
26 13 026025 025024 024013 
13 27 013014 014015 015016 016027 
27 13 027016 016015 015014 014013 
13 28 013014 014015 015016 016027 027028 
28 13 028027 027016 016015 015014 014013 
13 29 013014 014015 015016 016027 027028 028029 
29 13 029028 028027 027016 016015 015014 014013 
13 30 013012 012011 011021 021020 020019 019030 
30 13 030019 019020 020021 021011 011012 012013 
13 31 013024 024023 023022 022032 032031 
31 13 031032 032022 022023 023024 024013 
13 32 013024 024023 023022 022032 
32 13 032022 022023 023024 024013 
13 33 013024 024035 035034 034033 
33 13 033034 034035 035024 024013 
13 34 013024 024035 035034 
34 13 034035 035024 024013 
13 35 013024 024035 
35 13 035024 024013 
13 36 013024 024035 035036 
36 13 036035 035024 024013 
13 37 013024 024035 035036 036037 
37 13 037036 036035 035024 024013 
13 38 013014 014015 015016 016027 027038 
38 13 038027 027016 016015 015014 014013 
13 39 013014 014015 015016 016027 027038 038039 
39 13 039038 038027 027016 016015 015014 014013 
13 40 013014 014015 015016 016027 027038 038039 039040 
40 13 040039 039038 038027 027016 016015 015014 014013 
13 41 013012 012011 011021 021020 020019 019030 030041 
41 13 041030 030019 019020 020021 021011 011012 012013 
13 42 013024 024035 035034 034033 033043 043042 
42 13 042043 043033 033034 034035 035024 024013 
13 43 013024 024035 035034 034033 033043 
43 13 043033 033034 034035 035024 024013 
13 44 013024 024035 035046 046045 045044 
44 13 044045 045046 046035 035024 024013 
13 45 013024 024035 035046 046045 
45 13 045046 046035 035024 024013 
13 46 013024 024035 035046 
46 13 046035 035024 024013 
13 47 013024 024035 035046 046047 
47 13 047046 046035 035024 024013 
13 48 013024 024035 035046 046047 047048 
48 13 048047 047046 046035 035024 024013 
13 49 013014 014015 015016 016027 027038 038049 
49 13 049038 038027 027016 016015 015014 014013 
13 50 013014 014015 015016 016027 027038 038049 049050 
50 13 050049 049038 038027 027016 016015 015014 014013 
13 51 013014 014015 015016 016027 027038 038049 049050 050051 
51 13 051050 050049 049038 038027 027016 016015 015014 014013 
13 52 013012 012011 011021 021020 020019 019030 030041 041052 
52 13 052041 041030 030019 019020 020021 021011 011012 012013 
13 53 013024 024035 035046 046045 045044 044054 054053 
53 13 053054 054044 044045 045046 046035 035024 024013 
13 54 013024 024035 035046 046045 045044 044054 
54 13 054044 044045 045046 046035 035024 024013 
13 55 013024 024035 035046 046057 057056 056055 
55 13 055056 056057 057046 046035 035024 024013 
13 56 013024 024035 035046 046057 057056 
56 13 056057 057046 046035 035024 024013 
13 57 013024 024035 035046 046057 
57 13 057046 046035 035024 024013 
13 58 013024 024035 035046 046057 057058 
58 13 058057 057046 046035 035024 024013 
13 59 013024 024035 035046 046057 057058 058059 
59 13 059058 058057 057046 046035 035024 024013 
13 60 013014 014015 015016 016027 027038 038049 049060 
60 13 060049 049038 038027 027016 016015 015014 014013 
13 61 013014 014015 015016 016027 027038 038049 049060 060061 
61 13 061060 060049 049038 038027 027016 016015 015014 014013 
13 62 013014 014015 015016 016027 027038 038049 049060 060061 061062 
62 13 062061 061060 060049 049038 038027 027016 016015 015014 014013 
13 63 013012 012011 011021 021020 020019 019030 030041 041052 052063 
63 13 063052 052041 041030 030019 019020 020021 021011 011012 012013 
13 64 013024 024035 035046 046057 057056 056055 055065 065064 
64 13 064065 065055 055056 056057 057046 046035 035024 024013 
13 65 013024 024035 035046 046057 057056 056055 055065 
65 13 065055 055056 056057 057046 046035 035024 024013 
16 0 016005 005004 004003 003002 002001 001000 
0 16 000001 001002 002003 003004 004005 005016 
16 1 016005 005004 004003 003002 002001 
1 16 001002 002003 003004 004005 005016 
16 2 016005 005004 004003 003002 
2 16 002003 003004 004005 005016 
16 3 016005 005004 004003 
3 16 003004 004005 005016 
16 4 016005 005004 
4 16 004005 005016 
16 5 016005 
5 16 005016 
16 6 016005 005006 
6 16 006005 005016 
16 7 016005 005006 006007 
7 16 007006 006005 005016 
16 8 016017 017018 018019 019008 
8 16 008019 019018 018017 017016 
16 9 016017 017018 018019 019008 008009 
9 16 009008 008019 019018 018017 017016 
16 10 016017 017018 018019 019008 008009 009010 
10 16 010009 009008 008019 019018 018017 017016 
16 11 016015 015014 014013 013012 012011 
11 16 011012 012013 013014 014015 015016 
16 12 016015 015014 014013 013012 
12 16 012013 013014 014015 015016 
16 13 016015 015014 014013 
13 16 013014 014015 015016 
16 14 016015 015014 
14 16 014015 015016 
16 15 016015 
15 16 015016 
16 17 016017 
17 16 017016 
16 18 016017 017018 
18 16 018017 017016 
16 19 016017 017018 018019 
19 16 019018 018017 017016 
16 20 016017 017018 018019 019020 
20 16 020019 019018 018017 017016 
16 21 016017 017018 018019 019020 020021 
21 16 021020 020019 019018 018017 017016 
16 22 016027 027026 026025 025024 024023 023022 
22 16 022023 023024 024025 025026 026027 027016 
16 23 016027 027026 026025 025024 024023 
23 16 023024 024025 025026 026027 027016 
16 24 016027 027026 026025 025024 
24 16 024025 025026 026027 027016 
16 25 016027 027026 026025 
25 16 025026 026027 027016 
16 26 016027 027026 
26 16 026027 027016 
16 27 016027 
27 16 027016 
16 28 016027 027028 
28 16 028027 027016 
16 29 016027 027028 028029 
29 16 029028 028027 027016 
16 30 016017 017018 018019 019030 
30 16 030019 019018 018017 017016 
16 31 016017 017018 018019 019030 030031 
31 16 031030 030019 019018 018017 017016 
16 32 016017 017018 018019 019030 030031 031032 
32 16 032031 031030 030019 019018 018017 017016 
16 33 016027 027038 038037 037036 036035 035034 034033 
33 16 033034 034035 035036 036037 037038 038027 027016 
16 34 016027 027038 038037 037036 036035 035034 
34 16 034035 035036 036037 037038 038027 027016 
16 35 016027 027038 038037 037036 036035 
35 16 035036 036037 037038 038027 027016 
16 36 016027 027038 038037 037036 
36 16 036037 037038 038027 027016 
16 37 016027 027038 038037 
37 16 037038 038027 027016 
16 38 016027 027038 
38 16 038027 027016 
16 39 016027 027038 038039 
39 16 039038 038027 027016 
16 40 016027 027038 038039 039040 
40 16 040039 039038 038027 027016 
16 41 016017 017018 018019 019030 030041 
41 16 041030 030019 019018 018017 017016 
16 42 016017 017018 018019 019030 030041 041042 
42 16 042041 041030 030019 019018 018017 017016 
16 43 016017 017018 018019 019030 030041 041042 042043 
43 16 043042 042041 041030 030019 019018 018017 017016 
16 44 016027 027038 038049 049048 048047 047046 046045 045044 
44 16 044045 045046 046047 047048 048049 049038 038027 027016 
16 45 016027 027038 038049 049048 048047 047046 046045 
45 16 045046 046047 047048 048049 049038 038027 027016 
16 46 016027 027038 038049 049048 048047 047046 
46 16 046047 047048 048049 049038 038027 027016 
16 47 016027 027038 038049 049048 048047 
47 16 047048 048049 049038 038027 027016 
16 48 016027 027038 038049 049048 
48 16 048049 049038 038027 027016 
16 49 016027 027038 038049 
49 16 049038 038027 027016 
16 50 016027 027038 038049 049050 
50 16 050049 049038 038027 027016 
16 51 016027 027038 038049 049050 050051 
51 16 051050 050049 049038 038027 027016 
16 52 016017 017018 018019 019030 030041 041052 
52 16 052041 041030 030019 019018 018017 017016 
16 53 016017 017018 018019 019030 030041 041052 052053 
53 16 053052 052041 041030 030019 019018 018017 017016 
16 54 016017 017018 018019 019030 030041 041052 052053 053054 
54 16 054053 053052 052041 041030 030019 019018 018017 017016 
16 55 016027 027038 038049 049060 060059 059058 058057 057056 056055 
55 16 055056 056057 057058 058059 059060 060049 049038 038027 027016 
16 56 016027 027038 038049 049060 060059 059058 058057 057056 
56 16 056057 057058 058059 059060 060049 049038 038027 027016 
16 57 016027 027038 038049 049060 060059 059058 058057 
57 16 057058 058059 059060 060049 049038 038027 027016 
16 58 016027 027038 038049 049060 060059 059058 
58 16 058059 059060 060049 049038 038027 027016 
16 59 016027 027038 038049 049060 060059 
59 16 059060 060049 049038 038027 027016 
16 60 016027 027038 038049 049060 
60 16 060049 049038 038027 027016 
16 61 016027 027038 038049 049060 060061 
61 16 061060 060049 049038 038027 027016 
16 62 016027 027038 038049 049060 060061 061062 
62 16 062061 061060 060049 049038 038027 027016 
16 63 016017 017018 018019 019030 030041 041052 052063 
63 16 063052 052041 041030 030019 019018 018017 017016 
16 64 016017 017018 018019 019030 030041 041052 052063 063064 
64 16 064063 063052 052041 041030 030019 019018 018017 017016 
16 65 016017 017018 018019 019030 030041 041052 052063 063064 064065 
65 16 065064 064063 063052 052041 041030 030019 019018 018017 017016 
31 0 031032 032022 022011 011000 
0 31 000011 011022 022032 032031 
31 1 031032 032022 022011 011000 000001 
1 31 001000 000011 011022 022032 032031 
31 2 031032 032022 022023 023024 024013 013002 
2 31 002013 013024 024023 023022 022032 032031 
31 3 031032 032022 022023 023024 024013 013002 002003 
3 31 003002 002013 013024 024023 023022 022032 032031 
31 4 031030 030019 019008 008007 007006 006005 005004 
4 31 004005 005006 006007 007008 008019 019030 030031 
31 5 031030 030019 019008 008007 007006 006005 
5 31 005006 006007 007008 008019 019030 030031 
31 6 031030 030019 019008 008007 007006 
6 31 006007 007008 008019 019030 030031 
31 7 031030 030019 019008 008007 
7 31 007008 008019 019030 030031 
31 8 031030 030019 019008 
8 31 008019 019030 030031 
31 9 031030 030019 019008 008009 
9 31 009008 008019 019030 030031 
31 10 031030 030019 019008 008009 009010 
10 31 010009 009008 008019 019030 030031 
31 11 031032 032022 022011 
11 31 011022 022032 032031 
31 12 031032 032022 022011 011012 
12 31 012011 011022 022032 032031 
31 13 031032 032022 022023 023024 024013 
13 31 013024 024023 023022 022032 032031 
31 14 031032 032022 022023 023024 024013 013014 
14 31 014013 013024 024023 023022 022032 032031 
31 15 031030 030019 019018 018017 017016 016015 
15 31 015016 016017 017018 018019 019030 030031 
31 16 031030 030019 019018 018017 017016 
16 31 016017 017018 018019 019030 030031 
31 17 031030 030019 019018 018017 
17 31 017018 018019 019030 030031 
31 18 031030 030019 019018 
18 31 018019 019030 030031 
31 19 031030 030019 
19 31 019030 030031 
31 20 031030 030019 019020 
20 31 020019 019030 030031 
31 21 031030 030019 019020 020021 
21 31 021020 020019 019030 030031 
31 22 031032 032022 
22 31 022032 032031 
31 23 031032 032022 022023 
23 31 023022 022032 032031 
31 24 031032 032022 022023 023024 
24 31 024023 023022 022032 032031 
31 25 031032 032022 022023 023024 024025 
25 31 025024 024023 023022 022032 032031 
31 26 031030 030029 029028 028027 027026 
26 31 026027 027028 028029 029030 030031 
31 27 031030 030029 029028 028027 
27 31 027028 028029 029030 030031 
31 28 031030 030029 029028 
28 31 028029 029030 030031 
31 29 031030 030029 
29 31 029030 030031 
31 30 031030 
30 31 030031 
31 32 031032 
32 31 032031 
31 33 031032 032022 022033 
33 31 033022 022032 032031 
31 34 031032 032022 022033 033034 
34 31 034033 033022 022032 032031 
31 35 031032 032022 022023 023024 024035 
35 31 035024 024023 023022 022032 032031 
31 36 031032 032022 022023 023024 024035 035036 
36 31 036035 035024 024023 023022 022032 032031 
31 37 031030 030041 041040 040039 039038 038037 
37 31 037038 038039 039040 040041 041030 030031 
31 38 031030 030041 041040 040039 039038 
38 31 038039 039040 040041 041030 030031 
31 39 031030 030041 041040 040039 
39 31 039040 040041 041030 030031 
31 40 031030 030041 041040 
40 31 040041 041030 030031 
31 41 031030 030041 
41 31 041030 030031 
31 42 031030 030041 041042 
42 31 042041 041030 030031 
31 43 031030 030041 041042 042043 
43 31 043042 042041 041030 030031 
31 44 031032 032022 022033 033044 
44 31 044033 033022 022032 032031 
31 45 031032 032022 022033 033044 044045 
45 31 045044 044033 033022 022032 032031 
31 46 031032 032022 022023 023024 024035 035046 
46 31 046035 035024 024023 023022 022032 032031 
31 47 031032 032022 022023 023024 024035 035046 046047 
47 31 047046 046035 035024 024023 023022 022032 032031 
31 48 031030 030041 041052 052051 051050 050049 049048 
48 31 048049 049050 050051 051052 052041 041030 030031 
31 49 031030 030041 041052 052051 051050 050049 
49 31 049050 050051 051052 052041 041030 030031 
31 50 031030 030041 041052 052051 051050 
50 31 050051 051052 052041 041030 030031 
31 51 031030 030041 041052 052051 
51 31 051052 052041 041030 030031 
31 52 031030 030041 041052 
52 31 052041 041030 030031 
31 53 031030 030041 041052 052053 
53 31 053052 052041 041030 030031 
31 54 031030 030041 041052 052053 053054 
54 31 054053 053052 052041 041030 030031 
31 55 031032 032022 022033 033044 044055 
55 31 055044 044033 033022 022032 032031 
31 56 031032 032022 022033 033044 044055 055056 
56 31 056055 055044 044033 033022 022032 032031 
31 57 031032 032022 022023 023024 024035 035046 046057 
57 31 057046 046035 035024 024023 023022 022032 032031 
31 58 031032 032022 022023 023024 024035 035046 046057 057058 
58 31 058057 057046 046035 035024 024023 023022 022032 032031 
31 59 031030 030041 041052 052063 063062 062061 061060 060059 
59 31 059060 060061 061062 062063 063052 052041 041030 030031 
31 60 031030 030041 041052 052063 063062 062061 061060 
60 31 060061 061062 062063 063052 052041 041030 030031 
31 61 031030 030041 041052 052063 063062 062061 
61 31 061062 062063 063052 052041 041030 030031 
31 62 031030 030041 041052 052063 063062 
62 31 062063 063052 052041 041030 030031 
31 63 031030 030041 041052 052063 
63 31 063052 052041 041030 030031 
31 64 031030 030041 041052 052063 063064 
64 31 064063 063052 052041 041030 030031 
31 65 031030 030041 041052 052063 063064 064065 
65 31 065064 064063 063052 052041 041030 030031 
46 0 046035 035024 024013 013002 002001 001000 
0 46 000001 001002 002013 013024 024035 035046 
46 1 046035 035024 024013 013002 002001 
1 46 001002 002013 013024 024035 035046 
46 2 046035 035024 024013 013002 
2 46 002013 013024 024035 035046 
46 3 046035 035024 024013 013002 002003 
3 46 003002 002013 013024 024035 035046 
46 4 046035 035024 024013 013002 002003 003004 
4 46 004003 003002 002013 013024 024035 035046 
46 5 046047 047048 048049 049038 038027 027016 016005 
5 46 005016 016027 027038 038049 049048 048047 047046 
46 6 046047 047048 048049 049038 038027 027016 016005 005006 
6 46 006005 005016 016027 027038 038049 049048 048047 047046 
46 7 046047 047048 048049 049038 038027 027016 016005 005006 006007 
7 46 007006 006005 005016 016027 027038 038049 049048 048047 047046 
46 8 046045 045044 044054 054053 053052 052041 041030 030019 019008 
8 46 008019 019030 030041 041052 052053 053054 054044 044045 045046 
46 9 046035 035024 024013 013002 002001 001000 000010 010009 
9 46 009010 010000 000001 001002 002013 013024 024035 035046 
46 10 046035 035024 024013 013002 002001 001000 000010 
10 46 010000 000001 001002 002013 013024 024035 035046 
46 11 046035 035024 024013 013012 012011 
11 46 011012 012013 013024 024035 035046 
46 12 046035 035024 024013 013012 
12 46 012013 013024 024035 035046 
46 13 046035 035024 024013 
13 46 013024 024035 035046 
46 14 046035 035024 024013 013014 
14 46 014013 013024 024035 035046 
46 15 046035 035024 024013 013014 014015 
15 46 015014 014013 013024 024035 035046 
46 16 046047 047048 048049 049038 038027 027016 
16 46 016027 027038 038049 049048 048047 047046 
46 17 046047 047048 048049 049038 038027 027016 016017 
17 46 017016 016027 027038 038049 049048 048047 047046 
46 18 046047 047048 048049 049038 038027 027016 016017 017018 
18 46 018017 017016 016027 027038 038049 049048 048047 047046 
46 19 046045 045044 044054 054053 053052 052041 041030 030019 
19 46 019030 030041 041052 052053 053054 054044 044045 045046 
46 20 046035 035024 024013 013012 012011 011021 021020 
20 46 020021 021011 011012 012013 013024 024035 035046 
46 21 046035 035024 024013 013012 012011 011021 
21 46 021011 011012 012013 013024 024035 035046 
46 22 046035 035024 024023 023022 
22 46 022023 023024 024035 035046 
46 23 046035 035024 024023 
23 46 023024 024035 035046 
46 24 046035 035024 
24 46 024035 035046 
46 25 046035 035024 024025 
25 46 025024 024035 035046 
46 26 046035 035024 024025 025026 
26 46 026025 025024 024035 035046 
46 27 046047 047048 048049 049038 038027 
27 46 027038 038049 049048 048047 047046 
46 28 046047 047048 048049 049038 038027 027028 
28 46 028027 027038 038049 049048 048047 047046 
46 29 046047 047048 048049 049038 038027 027028 028029 
29 46 029028 028027 027038 038049 049048 048047 047046 
46 30 046045 045044 044054 054053 053052 052041 041030 
30 46 030041 041052 052053 053054 054044 044045 045046 
46 31 046035 035024 024023 023022 022032 032031 
31 46 031032 032022 022023 023024 024035 035046 
46 32 046035 035024 024023 023022 022032 
32 46 032022 022023 023024 024035 035046 
46 33 046035 035034 034033 
33 46 033034 034035 035046 
46 34 046035 035034 
34 46 034035 035046 
46 35 046035 
35 46 035046 
46 36 046035 035036 
36 46 036035 035046 
46 37 046035 035036 036037 
37 46 037036 036035 035046 
46 38 046047 047048 048049 049038 
38 46 038049 049048 048047 047046 
46 39 046047 047048 048049 049038 038039 
39 46 039038 038049 049048 048047 047046 
46 40 046047 047048 048049 049038 038039 039040 
40 46 040039 039038 038049 049048 048047 047046 
46 41 046045 045044 044054 054053 053052 052041 
41 46 041052 052053 053054 054044 044045 045046 
46 42 046035 035034 034033 033043 043042 
42 46 042043 043033 033034 034035 035046 
46 43 046035 035034 034033 033043 
43 46 043033 033034 034035 035046 
46 44 046045 045044 
44 46 044045 045046 
46 45 046045 
45 46 045046 
46 47 046047 
47 46 047046 
46 48 046047 047048 
48 46 048047 047046 
46 49 046047 047048 048049 
49 46 049048 048047 047046 
46 50 046047 047048 048049 049050 
50 46 050049 049048 048047 047046 
46 51 046047 047048 048049 049050 050051 
51 46 051050 050049 049048 048047 047046 
46 52 046045 045044 044054 054053 053052 
52 46 052053 053054 054044 044045 045046 
46 53 046045 045044 044054 054053 
53 46 053054 054044 044045 045046 
46 54 046045 045044 044054 
54 46 054044 044045 045046 
46 55 046057 057056 056055 
55 46 055056 056057 057046 
46 56 046057 057056 
56 46 056057 057046 
46 57 046057 
57 46 057046 
46 58 046057 057058 
58 46 058057 057046 
46 59 046057 057058 058059 
59 46 059058 058057 057046 
46 60 046047 047048 048049 049060 
60 46 060049 049048 048047 047046 
46 61 046047 047048 048049 049060 060061 
61 46 061060 060049 049048 048047 047046 
46 62 046047 047048 048049 049060 060061 061062 
62 46 062061 061060 060049 049048 048047 047046 
46 63 046045 045044 044054 054053 053052 052063 
63 46 063052 052053 053054 054044 044045 045046 
46 64 046057 057056 056055 055065 065064 
64 46 064065 065055 055056 056057 057046 
46 65 046057 057056 056055 055065 
65 46 065055 055056 056057 057046 
50 0 050051 051052 052041 041030 030019 019008 008009 009010 010000 
0 50 000010 010009 009008 008019 019030 030041 041052 052051 051050 
50 1 050049 049038 038027 027016 016005 005004 004003 003002 002001 
1 50 001002 002003 003004 004005 005016 016027 027038 038049 049050 
50 2 050049 049038 038027 027016 016005 005004 004003 003002 
2 50 002003 003004 004005 005016 016027 027038 038049 049050 
50 3 050049 049038 038027 027016 016005 005004 004003 
3 50 003004 004005 005016 016027 027038 038049 049050 
50 4 050049 049038 038027 027016 016005 005004 
4 50 004005 005016 016027 027038 038049 049050 
50 5 050049 049038 038027 027016 016005 
5 50 005016 016027 027038 038049 049050 
50 6 050039 039028 028017 017006 
6 50 006017 017028 028039 039050 
50 7 050051 051040 040029 029018 018007 
7 50 007018 018029 029040 040051 051050 
50 8 050051 051052 052041 041030 030019 019008 
8 50 008019 019030 030041 041052 052051 051050 
50 9 050051 051052 052041 041030 030019 019008 008009 
9 50 009008 008019 019030 030041 041052 052051 051050 
50 10 050051 051052 052041 041030 030019 019008 008009 009010 
10 50 010009 009008 008019 019030 030041 041052 052051 051050 
50 11 050051 051052 052041 041030 030019 019020 020021 021011 
11 50 011021 021020 020019 019030 030041 041052 052051 051050 
50 12 050049 049038 038027 027016 016015 015014 014013 013012 
12 50 012013 013014 014015 015016 016027 027038 038049 049050 
50 13 050049 049038 038027 027016 016015 015014 014013 
13 50 013014 014015 015016 016027 027038 038049 049050 
50 14 050049 049038 038027 027016 016015 015014 
14 50 014015 015016 016027 027038 038049 049050 
50 15 050049 049038 038027 027016 016015 
15 50 015016 016027 027038 038049 049050 
50 16 050049 049038 038027 027016 
16 50 016027 027038 038049 049050 
50 17 050039 039028 028017 
17 50 017028 028039 039050 
50 18 050051 051040 040029 029018 
18 50 018029 029040 040051 051050 
50 19 050051 051052 052041 041030 030019 
19 50 019030 030041 041052 052051 051050 
50 20 050051 051052 052041 041030 030019 019020 
20 50 020019 019030 030041 041052 052051 051050 
50 21 050051 051052 052041 041030 030019 019020 020021 
21 50 021020 020019 019030 030041 041052 052051 051050 
50 22 050051 051052 052041 041030 030031 031032 032022 
22 50 022032 032031 031030 030041 041052 052051 051050 
50 23 050049 049038 038027 027026 026025 025024 024023 
23 50 023024 024025 025026 026027 027038 038049 049050 
50 24 050049 049038 038027 027026 026025 025024 
24 50 024025 025026 026027 027038 038049 049050 
50 25 050049 049038 038027 027026 026025 
25 50 025026 026027 027038 038049 049050 
50 26 050049 049038 038027 027026 
26 50 026027 027038 038049 049050 
50 27 050049 049038 038027 
27 50 027038 038049 049050 
50 28 050039 039028 
28 50 028039 039050 
50 29 050051 051040 040029 
29 50 029040 040051 051050 
50 30 050051 051052 052041 041030 
30 50 030041 041052 052051 051050 
50 31 050051 051052 052041 041030 030031 
31 50 031030 030041 041052 052051 051050 
50 32 050051 051052 052041 041030 030031 031032 
32 50 032031 031030 030041 041052 052051 051050 
50 33 050051 051052 052041 041042 042043 043033 
33 50 033043 043042 042041 041052 052051 051050 
50 34 050049 049038 038037 037036 036035 035034 
34 50 034035 035036 036037 037038 038049 049050 
50 35 050049 049038 038037 037036 036035 
35 50 035036 036037 037038 038049 049050 
50 36 050049 049038 038037 037036 
36 50 036037 037038 038049 049050 
50 37 050049 049038 038037 
37 50 037038 038049 049050 
50 38 050049 049038 
38 50 038049 049050 
50 39 050039 
39 50 039050 
50 40 050051 051040 
40 50 040051 051050 
50 41 050051 051052 052041 
41 50 041052 052051 051050 
50 42 050051 051052 052041 041042 
42 50 042041 041052 052051 051050 
50 43 050051 051052 052041 041042 042043 
43 50 043042 042041 041052 052051 051050 
50 44 050051 051052 052053 053054 054044 
44 50 044054 054053 053052 052051 051050 
50 45 050049 049048 048047 047046 046045 
45 50 045046 046047 047048 048049 049050 
50 46 050049 049048 048047 047046 
46 50 046047 047048 048049 049050 
50 47 050049 049048 048047 
47 50 047048 048049 049050 
50 48 050049 049048 
48 50 048049 049050 
50 49 050049 
49 50 049050 
50 51 050051 
51 50 051050 
50 52 050051 051052 
52 50 052051 051050 
50 53 050051 051052 052053 
53 50 053052 052051 051050 
50 54 050051 051052 052053 053054 
54 50 054053 053052 052051 051050 
50 55 050051 051052 052063 063064 064065 065055 
55 50 055065 065064 064063 063052 052051 051050 
50 56 050049 049060 060059 059058 058057 057056 
56 50 056057 057058 058059 059060 060049 049050 
50 57 050049 049060 060059 059058 058057 
57 50 057058 058059 059060 060049 049050 
50 58 050049 049060 060059 059058 
58 50 058059 059060 060049 049050 
50 59 050049 049060 060059 
59 50 059060 060049 049050 
50 60 050049 049060 
60 50 060049 049050 
50 61 050061 
61 50 061050 
50 62 050051 051062 
62 50 062051 051050 
50 63 050051 051052 052063 
63 50 063052 052051 051050 
50 64 050051 051052 052063 063064 
64 50 064063 063052 052051 051050 
50 65 050051 051052 052063 063064 064065 
65 50 065064 064063 063052 052051 051050 
54 0 054044 044033 033022 022011 011000 
0 54 000011 011022 022033 033044 044054 
54 1 054044 044033 033022 022011 011000 000001 
1 54 001000 000011 011022 022033 033044 044054 
54 2 054044 044045 045046 046035 035024 024013 013002 
2 54 002013 013024 024035 035046 046045 045044 044054 
54 3 054044 044045 045046 046035 035024 024013 013002 002003 
3 54 003002 002013 013024 024035 035046 046045 045044 044054 
54 4 054044 044045 045046 046035 035024 024013 013002 002003 003004 
4 54 004003 003002 002013 013024 024035 035046 046045 045044 044054 
54 5 054053 053052 052041 041030 030019 019008 008007 007006 006005 
5 54 005006 006007 007008 008019 019030 030041 041052 052053 053054 
54 6 054053 053052 052041 041030 030019 019008 008007 007006 
6 54 006007 007008 008019 019030 030041 041052 052053 053054 
54 7 054053 053052 052041 041030 030019 019008 008007 
7 54 007008 008019 019030 030041 041052 052053 053054 
54 8 054053 053052 052041 041030 030019 019008 
8 54 008019 019030 030041 041052 052053 053054 
54 9 054053 053052 052041 041030 030019 019008 008009 
9 54 009008 008019 019030 030041 041052 052053 053054 
54 10 054044 044033 033022 022011 011000 000010 
10 54 010000 000011 011022 022033 033044 044054 
54 11 054044 044033 033022 022011 
11 54 011022 022033 033044 044054 
54 12 054044 044033 033022 022011 011012 
12 54 012011 011022 022033 033044 044054 
54 13 054044 044045 045046 046035 035024 024013 
13 54 013024 024035 035046 046045 045044 044054 
54 14 054044 044045 045046 046035 035024 024013 013014 
14 54 014013 013024 024035 035046 046045 045044 044054 
54 15 054044 044045 045046 046035 035024 024013 013014 014015 
15 54 015014 014013 013024 024035 035046 046045 045044 044054 
54 16 054053 053052 052041 041030 030019 019018 018017 017016 
16 54 016017 017018 018019 019030 030041 041052 052053 053054 
54 17 054053 053052 052041 041030 030019 019018 018017 
17 54 017018 018019 019030 030041 041052 052053 053054 
54 18 054053 053052 052041 041030 030019 019018 
18 54 018019 019030 030041 041052 052053 053054 
54 19 054053 053052 052041 041030 030019 
19 54 019030 030041 041052 052053 053054 
54 20 054053 053052 052041 041030 030019 019020 
20 54 020019 019030 030041 041052 052053 053054 
54 21 054044 044033 033022 022011 011021 
21 54 021011 011022 022033 033044 044054 
54 22 054044 044033 033022 
22 54 022033 033044 044054 
54 23 054044 044033 033022 022023 
23 54 023022 022033 033044 044054 
54 24 054044 044045 045046 046035 035024 
24 54 024035 035046 046045 045044 044054 
54 25 054044 044045 045046 046035 035024 024025 
25 54 025024 024035 035046 046045 045044 044054 
54 26 054044 044045 045046 046035 035024 024025 025026 
26 54 026025 025024 024035 035046 046045 045044 044054 
54 27 054053 053052 052041 041030 030029 029028 028027 
27 54 027028 028029 029030 030041 041052 052053 053054 
54 28 054053 053052 052041 041030 030029 029028 
28 54 028029 029030 030041 041052 052053 053054 
54 29 054053 053052 052041 041030 030029 
29 54 029030 030041 041052 052053 053054 
54 30 054053 053052 052041 041030 
30 54 030041 041052 052053 053054 
54 31 054053 053052 052041 041030 030031 
31 54 031030 030041 041052 052053 053054 
54 32 054044 044033 033022 022032 
32 54 032022 022033 033044 044054 
54 33 054044 044033 
33 54 033044 044054 
54 34 054044 044033 033034 
34 54 034033 033044 044054 
54 35 054044 044045 045046 046035 
35 54 035046 046045 045044 044054 
54 36 054044 044045 045046 046035 035036 
36 54 036035 035046 046045 045044 044054 
54 37 054044 044045 045046 046035 035036 036037 
37 54 037036 036035 035046 046045 045044 044054 
54 38 054053 053052 052041 041040 040039 039038 
38 54 038039 039040 040041 041052 052053 053054 
54 39 054053 053052 052041 041040 040039 
39 54 039040 040041 041052 052053 053054 
54 40 054053 053052 052041 041040 
40 54 040041 041052 052053 053054 
54 41 054053 053052 052041 
41 54 041052 052053 053054 
54 42 054053 053052 052041 041042 
42 54 042041 041052 052053 053054 
54 43 054044 044033 033043 
43 54 043033 033044 044054 
54 44 054044 
44 54 044054 
54 45 054044 044045 
45 54 045044 044054 
54 46 054044 044045 045046 
46 54 046045 045044 044054 
54 47 054044 044045 045046 046047 
47 54 047046 046045 045044 044054 
54 48 054044 044045 045046 046047 047048 
48 54 048047 047046 046045 045044 044054 
54 49 054053 053052 052051 051050 050049 
49 54 049050 050051 051052 052053 053054 
54 50 054053 053052 052051 051050 
50 54 050051 051052 052053 053054 
54 51 054053 053052 052051 
51 54 051052 052053 053054 
54 52 054053 053052 
52 54 052053 053054 
54 53 054053 
53 54 053054 
54 55 054044 044055 
55 54 055044 044054 
54 56 054044 044055 055056 
56 54 056055 055044 044054 
54 57 054044 044045 045046 046057 
57 54 057046 046045 045044 044054 
54 58 054044 044045 045046 046057 057058 
58 54 058057 057046 046045 045044 044054 
54 59 054044 044045 045046 046057 057058 058059 
59 54 059058 058057 057046 046045 045044 044054 
54 60 054053 053052 052063 063062 062061 061060 
60 54 060061 061062 062063 063052 052053 053054 
54 61 054053 053052 052063 063062 062061 
61 54 061062 062063 063052 052053 053054 
54 62 054053 053052 052063 063062 
62 54 062063 063052 052053 053054 
54 63 054053 053052 052063 
63 54 063052 052053 053054 
54 64 054053 053052 052063 063064 
64 54 064063 063052 052053 053054 
54 65 054044 044055 055065 
65 54 065055 055044 044054 
