60
50 46 16 54 13 31 
50 46 16 54 31 13 
50 46 16 54 31 13 
50 46 16 54 31 13 
50 46 16 54 13 31 
50 46 16 54 31 13 
50 16 46 54 31 13 
50 16 46 54 31 13 
50 16 46 54 13 31 
50 16 46 54 13 31 
50 46 16 54 31 13 
50 46 16 54 31 13 
46 50 16 54 13 31 
46 50 16 54 13 31 
50 46 16 54 31 13 
50 46 16 54 31 13 
50 46 16 54 13 31 
50 46 13 16 54 31 
50 16 46 54 13 31 
50 16 46 54 31 13 
50 16 46 54 13 31 
50 46 16 54 13 31 
50 46 16 54 13 31 
50 46 16 54 31 13 
50 46 16 54 31 13 
50 46 16 54 31 13 
50 46 16 54 13 31 
50 46 16 54 31 13 
50 16 46 54 31 13 
50 16 46 54 31 13 
50 16 46 54 13 31 
50 16 46 54 13 31 
50 46 16 54 31 13 
50 46 16 54 31 13 
46 50 16 54 13 31 
46 50 16 13 54 31 
50 46 16 54 31 13 
50 46 16 54 31 13 
50 46 16 54 13 31 
50 46 13 16 54 31 
50 16 46 54 13 31 
50 16 46 54 31 13 
50 16 46 54 13 31 
50 46 16 54 13 31 
