44
54 46 31 13 50 16 
54 46 31 13 50 16 
54 46 31 13 50 16 
54 46 31 13 50 16 
54 46 31 13 50 16 
54 46 31 13 50 16 
54 46 31 13 50 16 
54 46 31 13 50 16 
54 46 31 13 50 16 
54 46 31 13 50 16 
54 46 31 13 50 16 
54 46 31 13 50 16 
54 46 31 13 50 16 
54 46 31 13 50 16 
54 46 31 13 50 16 
54 46 31 13 50 16 
54 46 31 13 50 16 
54 46 31 13 50 16 
54 46 31 13 50 16 
54 46 31 13 50 16 
54 46 31 13 50 16 
54 46 31 13 50 16 
54 46 31 13 50 16 
54 46 31 13 50 16 
54 46 31 13 50 16 
54 46 31 13 50 16 
54 46 31 13 50 16 
54 46 31 13 50 16 
54 46 31 13 50 16 
54 46 31 13 50 16 
54 46 31 13 50 16 
54 46 31 13 50 16 
54 46 31 13 50 16 
54 46 31 13 50 16 
54 46 31 13 50 16 
54 46 31 13 50 16 
54 46 31 13 50 16 
54 46 31 13 50 16 
54 46 31 13 50 16 
54 46 31 13 50 16 
54 46 31 13 50 16 
54 46 31 13 50 16 
54 46 31 13 50 16 
54 46 31 13 50 16 
