48
46 50 16 13 54 31 
46 50 16 13 54 31 
46 50 16 13 54 31 
46 50 16 13 54 31 
46 50 16 13 54 31 
46 50 16 13 54 31 
46 50 16 13 54 31 
46 50 16 13 54 31 
46 50 16 13 54 31 
46 50 16 13 54 31 
46 50 16 13 54 31 
46 50 16 13 54 31 
46 50 16 13 54 31 
46 50 16 13 54 31 
46 50 13 54 16 31 
46 50 13 54 16 31 
46 50 13 54 16 31 
46 50 13 54 16 31 
46 50 16 13 54 31 
46 50 16 13 54 31 
46 50 16 13 54 31 
46 50 16 13 54 31 
46 50 16 13 54 31 
46 50 16 13 54 31 
46 50 16 13 54 31 
46 50 16 13 54 31 
46 50 16 13 54 31 
46 50 16 13 54 31 
46 50 16 13 54 31 
46 50 16 13 54 31 
46 50 16 13 54 31 
46 50 16 13 54 31 
46 50 16 13 54 31 
46 50 16 13 54 31 
46 50 16 13 54 31 
46 50 16 13 54 31 
46 50 13 54 16 31 
46 50 13 54 16 31 
46 50 13 54 16 31 
46 50 13 54 16 31 
46 50 16 13 54 31 
46 50 16 13 54 31 
46 50 16 13 54 31 
46 50 16 13 54 31 
