13 16 54 31 50 46 
13 16 54 31 50 46 
13 16 31 54 46 50 
13 16 31 54 46 50 
13 16 54 31 46 50 
13 16 54 31 50 46 
13 16 54 31 50 46 
13 16 31 54 46 50 
13 16 31 54 46 50 
13 16 54 31 50 46 
13 16 54 31 50 46 
13 16 31 54 46 50 
13 16 31 54 46 50 
13 16 31 54 50 46 
13 16 54 31 50 46 
13 16 31 54 46 50 
13 16 31 54 46 50 
13 16 31 54 46 50 
13 16 54 31 50 46 
13 54 16 31 50 46 
13 16 31 54 46 50 
13 16 31 54 46 50 
13 16 54 31 50 46 
13 16 54 31 50 46 
13 16 31 54 46 50 
13 16 31 54 46 50 
13 16 54 31 46 50 
13 16 54 31 50 46 
13 16 54 31 50 46 
13 16 31 54 46 50 
13 16 31 54 46 50 
13 16 54 31 50 46 
13 16 54 31 50 46 
13 16 31 54 46 50 
13 16 31 54 46 50 
13 16 31 54 50 46 
13 16 54 31 50 46 
13 16 31 54 46 50 
13 16 31 54 46 50 
13 16 31 54 46 50 
13 16 54 31 50 46 
13 54 16 31 50 46 
13 16 31 54 46 50 
13 16 31 54 46 50 
