47
46 50 54 16 13 31 
46 50 54 16 13 31 
46 50 54 16 13 31 
46 50 54 16 13 31 
46 50 13 54 16 31 
46 50 13 54 16 31 
46 50 13 54 16 31 
46 50 13 54 16 31 
46 50 13 54 16 31 
46 50 13 54 16 31 
46 50 13 54 16 31 
46 50 13 54 16 31 
46 50 54 13 16 31 
46 50 13 54 16 31 
46 50 13 54 16 31 
46 50 13 54 16 31 
46 50 13 54 16 31 
46 50 13 54 16 31 
46 50 13 54 16 31 
46 50 13 54 16 31 
46 50 13 54 16 31 
46 50 13 54 16 31 
46 50 54 16 13 31 
46 50 54 16 13 31 
46 50 54 16 13 31 
46 50 54 16 13 31 
46 50 13 54 16 31 
46 50 13 54 16 31 
46 50 13 54 16 31 
46 50 13 54 16 31 
46 50 13 54 16 31 
46 50 13 54 16 31 
46 50 13 54 16 31 
46 50 13 54 16 31 
46 50 54 13 16 31 
46 50 13 54 16 31 
46 50 13 54 16 31 
46 50 13 54 16 31 
46 50 13 54 16 31 
46 50 13 54 16 31 
46 50 13 54 16 31 
46 50 13 54 16 31 
46 50 13 54 16 31 
46 50 13 54 16 31 
