33
54 31 46 13 50 16 
54 46 31 13 50 16 
54 31 46 13 50 16 
54 46 31 13 50 16 
54 31 46 13 50 16 
54 31 46 13 50 16 
54 31 46 13 50 16 
54 31 46 13 50 16 
54 46 31 13 50 16 
54 31 46 13 50 16 
54 31 46 13 50 16 
54 31 46 13 50 16 
46 31 13 54 50 16 
31 46 13 54 50 16 
31 46 54 13 50 16 
31 46 54 13 50 16 
54 31 46 13 50 16 
54 31 46 13 50 16 
54 31 46 13 50 16 
54 46 31 13 50 16 
54 31 46 13 50 16 
54 46 31 13 50 16 
54 31 46 13 50 16 
54 46 31 13 50 16 
54 31 46 13 50 16 
54 46 31 13 50 16 
54 31 46 13 50 16 
54 31 46 13 50 16 
54 31 46 13 50 16 
54 31 46 13 50 16 
54 46 31 13 50 16 
54 31 46 13 50 16 
54 31 46 13 50 16 
54 31 46 13 50 16 
46 31 13 54 50 16 
31 46 13 54 50 16 
31 46 54 13 50 16 
31 46 54 13 50 16 
54 31 46 13 50 16 
54 31 46 13 50 16 
54 31 46 13 50 16 
54 46 31 13 50 16 
54 31 46 13 50 16 
54 46 31 13 50 16 
