8
13 54 16 50 31 46 
13 54 16 50 31 46 
13 54 16 50 31 46 
13 54 16 50 31 46 
13 54 16 50 31 46 
13 54 16 50 31 46 
13 54 16 50 31 46 
13 54 16 50 31 46 
13 54 16 50 31 46 
13 54 16 50 31 46 
13 54 16 50 31 46 
13 54 16 50 31 46 
13 54 16 50 31 46 
13 54 16 50 31 46 
13 54 16 50 31 46 
13 54 16 50 31 46 
13 54 16 50 31 46 
13 54 16 50 31 46 
13 54 16 50 31 46 
13 54 16 50 31 46 
13 54 16 50 31 46 
13 54 16 50 31 46 
13 54 16 50 31 46 
13 54 16 50 31 46 
13 54 16 50 31 46 
13 54 16 50 31 46 
13 54 16 50 31 46 
13 54 16 50 31 46 
13 54 16 50 31 46 
13 54 16 50 31 46 
13 54 16 50 31 46 
13 54 16 50 31 46 
13 54 16 50 31 46 
13 54 16 50 31 46 
13 54 16 50 31 46 
13 54 16 50 31 46 
13 54 16 50 31 46 
13 54 16 50 31 46 
13 54 16 50 31 46 
13 54 16 50 31 46 
13 54 16 50 31 46 
13 54 16 50 31 46 
13 54 16 50 31 46 
13 54 16 50 31 46 
