52
50 54 31 46 16 13 
50 54 31 46 16 13 
50 54 31 46 16 13 
50 54 31 46 16 13 
50 54 31 46 16 13 
50 54 31 46 16 13 
50 54 31 46 16 13 
50 54 31 46 16 13 
50 54 31 46 16 13 
50 54 31 46 16 13 
50 54 31 46 16 13 
50 54 31 46 16 13 
50 54 31 46 16 13 
50 54 31 46 16 13 
50 54 31 46 16 13 
50 54 31 46 16 13 
50 54 31 46 16 13 
50 54 31 46 16 13 
50 54 31 46 16 13 
50 54 31 46 16 13 
50 54 31 46 16 13 
50 54 31 46 16 13 
50 54 31 46 16 13 
50 54 31 46 16 13 
50 54 31 46 16 13 
50 54 31 46 16 13 
50 54 31 46 16 13 
50 54 31 46 16 13 
50 54 31 46 16 13 
50 54 31 46 16 13 
50 54 31 46 16 13 
50 54 31 46 16 13 
50 54 31 46 16 13 
50 54 31 46 16 13 
50 54 31 46 16 13 
50 54 31 46 16 13 
50 54 31 46 16 13 
50 54 31 46 16 13 
50 54 31 46 16 13 
50 54 31 46 16 13 
50 54 31 46 16 13 
50 54 31 46 16 13 
50 54 31 46 16 13 
50 54 31 46 16 13 
