39
50 16 31 46 54 13 
50 16 31 54 46 13 
50 16 31 54 46 13 
50 16 31 54 46 13 
50 16 31 46 54 13 
50 16 31 46 54 13 
16 50 31 54 46 13 
16 50 31 54 46 13 
16 50 31 46 54 13 
16 50 31 46 54 13 
50 31 16 54 46 13 
50 31 16 54 46 13 
50 31 16 46 54 13 
50 31 16 46 54 13 
50 16 31 46 54 13 
50 16 31 54 46 13 
50 16 31 46 54 13 
50 16 31 46 54 13 
50 16 31 46 54 13 
50 16 31 54 46 13 
50 16 31 54 46 13 
50 16 31 46 54 13 
50 16 31 46 54 13 
50 16 31 54 46 13 
50 16 31 54 46 13 
50 16 31 54 46 13 
50 16 31 46 54 13 
50 16 31 46 54 13 
16 50 31 54 46 13 
16 50 31 54 46 13 
16 50 31 46 54 13 
16 50 31 46 54 13 
50 31 16 54 46 13 
50 31 16 54 46 13 
50 31 16 46 54 13 
50 31 16 46 54 13 
50 16 31 46 54 13 
50 16 31 54 46 13 
50 16 31 46 54 13 
50 16 31 46 54 13 
50 16 31 46 54 13 
50 16 31 54 46 13 
50 16 31 54 46 13 
50 16 31 46 54 13 
