55
54 46 31 13 50 16 
54 46 31 13 50 16 
54 46 31 13 50 16 
54 46 31 13 50 16 
54 46 31 13 50 16 
54 46 31 13 50 16 
54 46 31 13 50 16 
54 46 31 13 50 16 
54 46 31 13 50 16 
54 46 31 13 50 16 
54 46 31 13 50 16 
54 46 31 50 13 16 
46 54 31 13 50 16 
46 54 31 13 50 16 
46 54 31 13 50 16 
46 54 31 50 13 16 
54 46 31 13 50 16 
54 46 31 13 50 16 
54 46 31 13 50 16 
54 46 31 13 50 16 
54 46 31 13 50 16 
54 46 31 13 50 16 
54 46 31 13 50 16 
54 46 31 13 50 16 
54 46 31 13 50 16 
54 46 31 13 50 16 
54 46 31 13 50 16 
54 46 31 13 50 16 
54 46 31 13 50 16 
54 46 31 13 50 16 
54 46 31 13 50 16 
54 46 31 13 50 16 
54 46 31 13 50 16 
54 46 31 50 13 16 
46 54 31 13 50 16 
46 54 31 13 50 16 
46 54 31 13 50 16 
46 54 31 50 13 16 
54 46 31 13 50 16 
54 46 31 13 50 16 
54 46 31 13 50 16 
54 46 31 13 50 16 
54 46 31 13 50 16 
54 46 31 13 50 16 
