64
54 50 31 46 16 13 
54 50 46 31 16 13 
54 31 50 46 13 16 
54 31 50 46 13 16 
54 31 50 46 16 13 
54 31 50 46 16 13 
54 31 50 46 16 13 
54 31 50 46 13 16 
54 31 50 46 13 16 
54 31 50 46 16 13 
54 31 50 46 16 13 
54 31 50 46 13 16 
54 31 50 46 13 16 
54 31 50 46 13 16 
54 31 50 46 16 13 
54 31 50 46 13 16 
54 50 46 31 13 16 
54 50 31 46 13 16 
50 54 31 46 16 13 
50 54 31 46 16 13 
54 50 31 46 13 16 
54 50 31 46 13 16 
54 50 31 46 16 13 
54 50 46 31 16 13 
54 31 50 46 13 16 
54 31 50 46 13 16 
54 31 50 46 16 13 
54 31 50 46 16 13 
54 31 50 46 16 13 
54 31 50 46 13 16 
54 31 50 46 13 16 
54 31 50 46 16 13 
54 31 50 46 16 13 
54 31 50 46 13 16 
54 31 50 46 13 16 
54 31 50 46 13 16 
54 31 50 46 16 13 
54 31 50 46 13 16 
54 50 46 31 13 16 
54 50 31 46 13 16 
50 54 31 46 16 13 
50 54 31 46 16 13 
54 50 31 46 13 16 
54 50 31 46 13 16 
