1
16 13 31 46 50 54 
16 13 31 46 50 54 
16 13 31 46 50 54 
16 13 31 46 50 54 
16 13 31 46 50 54 
16 13 31 46 50 54 
16 13 31 46 50 54 
16 13 31 46 50 54 
16 13 31 46 50 54 
16 13 31 46 50 54 
16 13 31 46 50 54 
16 13 31 46 50 54 
16 13 31 46 50 54 
16 13 31 46 50 54 
16 13 31 46 50 54 
16 13 31 46 50 54 
16 13 31 46 50 54 
16 13 31 46 50 54 
16 13 31 46 50 54 
16 13 31 46 50 54 
16 13 31 46 50 54 
16 13 31 46 50 54 
16 13 31 46 50 54 
16 13 31 46 50 54 
16 13 31 46 50 54 
16 13 31 46 50 54 
16 13 31 46 50 54 
16 13 31 46 50 54 
16 13 31 46 50 54 
16 13 31 46 50 54 
16 13 31 46 50 54 
16 13 31 46 50 54 
16 13 31 46 50 54 
16 13 31 46 50 54 
16 13 31 46 50 54 
16 13 31 46 50 54 
16 13 31 46 50 54 
16 13 31 46 50 54 
16 13 31 46 50 54 
16 13 31 46 50 54 
16 13 31 46 50 54 
16 13 31 46 50 54 
16 13 31 46 50 54 
16 13 31 46 50 54 
