16
16 13 50 31 46 54 
16 13 50 31 46 54 
16 13 50 31 46 54 
16 13 50 31 46 54 
16 13 50 31 46 54 
16 13 50 31 46 54 
16 13 50 31 46 54 
16 13 50 31 46 54 
16 13 50 31 46 54 
16 13 50 31 46 54 
16 13 31 50 46 54 
16 13 31 50 46 54 
16 13 31 46 50 54 
16 13 31 46 50 54 
16 13 50 31 46 54 
16 13 50 31 46 54 
16 13 50 31 46 54 
16 13 50 31 46 54 
16 13 50 31 46 54 
16 13 50 31 46 54 
16 13 50 31 46 54 
16 13 50 31 46 54 
16 13 50 31 46 54 
16 13 50 31 46 54 
16 13 50 31 46 54 
16 13 50 31 46 54 
16 13 50 31 46 54 
16 13 50 31 46 54 
16 13 50 31 46 54 
16 13 50 31 46 54 
16 13 50 31 46 54 
16 13 50 31 46 54 
16 13 31 50 46 54 
16 13 31 50 46 54 
16 13 31 46 50 54 
16 13 31 46 50 54 
16 13 50 31 46 54 
16 13 50 31 46 54 
16 13 50 31 46 54 
16 13 50 31 46 54 
16 13 50 31 46 54 
16 13 50 31 46 54 
16 13 50 31 46 54 
16 13 50 31 46 54 
