34
46 13 54 31 16 50 
46 13 54 31 16 50 
46 13 54 31 16 50 
46 13 54 31 16 50 
54 46 31 13 16 50 
54 31 46 13 16 50 
54 31 46 13 16 50 
54 31 46 13 16 50 
46 13 54 31 16 50 
46 13 54 31 16 50 
46 54 13 31 16 50 
46 54 13 31 16 50 
46 13 54 31 16 50 
46 13 54 31 16 50 
46 13 54 31 50 16 
46 13 54 31 16 50 
46 54 13 31 16 50 
46 54 13 31 16 50 
46 13 54 31 16 50 
46 13 54 31 16 50 
46 13 54 31 16 50 
46 13 54 31 16 50 
46 13 54 31 16 50 
46 13 54 31 16 50 
46 13 54 31 16 50 
46 13 54 31 16 50 
54 46 31 13 16 50 
54 31 46 13 16 50 
54 31 46 13 16 50 
54 31 46 13 16 50 
46 13 54 31 16 50 
46 13 54 31 16 50 
46 54 13 31 16 50 
46 54 13 31 16 50 
46 13 54 31 16 50 
46 13 54 31 16 50 
46 13 54 31 50 16 
46 13 54 31 16 50 
46 54 13 31 16 50 
46 54 13 31 16 50 
46 13 54 31 16 50 
46 13 54 31 16 50 
46 13 54 31 16 50 
46 13 54 31 16 50 
