38
54 50 46 31 16 13 
54 50 46 31 16 13 
54 50 46 31 16 13 
54 50 46 31 16 13 
54 50 46 31 16 13 
54 50 46 31 16 13 
54 50 46 31 16 13 
54 50 46 31 16 13 
54 50 46 31 16 13 
54 50 46 31 16 13 
50 46 54 31 16 13 
50 46 54 31 16 13 
50 46 54 31 16 13 
50 46 54 31 16 13 
54 46 50 31 16 13 
54 46 50 31 16 13 
46 54 31 50 16 13 
46 54 31 50 16 13 
54 50 46 31 16 13 
54 50 46 31 16 13 
54 50 46 31 16 13 
54 50 46 31 16 13 
54 50 46 31 16 13 
54 50 46 31 16 13 
54 50 46 31 16 13 
54 50 46 31 16 13 
54 50 46 31 16 13 
54 50 46 31 16 13 
54 50 46 31 16 13 
54 50 46 31 16 13 
54 50 46 31 16 13 
54 50 46 31 16 13 
50 46 54 31 16 13 
50 46 54 31 16 13 
50 46 54 31 16 13 
50 46 54 31 16 13 
54 46 50 31 16 13 
54 46 50 31 16 13 
46 54 31 50 16 13 
46 54 31 50 16 13 
54 50 46 31 16 13 
54 50 46 31 16 13 
54 50 46 31 16 13 
54 50 46 31 16 13 
