11
13 31 54 46 16 50 
13 31 54 46 16 50 
13 31 54 46 16 50 
13 31 54 46 16 50 
13 31 54 46 16 50 
13 31 54 46 16 50 
13 31 54 46 16 50 
13 31 54 46 16 50 
13 31 54 46 16 50 
13 31 54 46 16 50 
13 31 54 46 16 50 
13 31 54 46 16 50 
13 31 46 16 54 50 
13 31 46 16 54 50 
13 31 46 16 54 50 
13 31 46 16 54 50 
13 31 54 46 16 50 
13 31 54 46 16 50 
13 31 54 46 16 50 
13 31 54 46 16 50 
13 31 54 46 16 50 
13 31 54 46 16 50 
13 31 54 46 16 50 
13 31 54 46 16 50 
13 31 54 46 16 50 
13 31 54 46 16 50 
13 31 54 46 16 50 
13 31 54 46 16 50 
13 31 54 46 16 50 
13 31 54 46 16 50 
13 31 54 46 16 50 
13 31 54 46 16 50 
13 31 54 46 16 50 
13 31 54 46 16 50 
13 31 46 16 54 50 
13 31 46 16 54 50 
13 31 46 16 54 50 
13 31 46 16 54 50 
13 31 54 46 16 50 
13 31 54 46 16 50 
13 31 54 46 16 50 
13 31 54 46 16 50 
13 31 54 46 16 50 
13 31 54 46 16 50 
