62
50 54 31 16 46 13 
50 54 31 16 46 13 
50 54 31 16 46 13 
50 54 31 16 46 13 
50 54 31 16 46 13 
50 54 31 16 46 13 
50 54 31 16 46 13 
50 54 31 16 46 13 
50 54 31 16 46 13 
50 54 31 16 46 13 
50 54 31 16 46 13 
50 54 31 16 46 13 
50 54 31 16 46 13 
50 54 31 46 16 13 
50 54 31 16 46 13 
50 54 31 16 46 13 
50 54 31 16 46 13 
50 54 31 46 16 13 
50 54 31 16 46 13 
50 54 31 16 46 13 
50 54 31 16 46 13 
50 54 31 16 46 13 
50 54 31 16 46 13 
50 54 31 16 46 13 
50 54 31 16 46 13 
50 54 31 16 46 13 
50 54 31 16 46 13 
50 54 16 31 46 13 
50 54 31 16 46 13 
50 54 31 16 46 13 
50 54 31 16 46 13 
50 54 16 31 46 13 
50 54 31 16 46 13 
50 54 31 16 46 13 
50 54 31 16 46 13 
50 54 31 46 16 13 
50 54 31 16 46 13 
50 54 31 16 46 13 
50 54 31 16 46 13 
50 54 31 46 16 13 
50 54 31 16 46 13 
50 54 31 16 46 13 
50 54 31 16 46 13 
50 54 31 16 46 13 
