26
16 13 46 50 31 54 
16 13 46 50 31 54 
16 13 46 50 31 54 
16 13 50 46 31 54 
16 13 46 50 31 54 
16 13 50 46 31 54 
16 13 46 50 31 54 
16 13 50 46 31 54 
16 13 46 50 31 54 
16 13 50 46 31 54 
16 13 46 50 31 54 
16 13 46 50 31 54 
16 13 46 50 31 54 
16 13 46 50 31 54 
13 50 16 46 31 54 
13 50 46 16 31 54 
13 46 16 50 31 54 
13 46 16 50 31 54 
16 13 50 46 31 54 
16 13 50 46 31 54 
16 13 46 50 31 54 
16 13 46 50 31 54 
16 13 46 50 31 54 
16 13 46 50 31 54 
16 13 46 50 31 54 
16 13 50 46 31 54 
16 13 46 50 31 54 
16 13 50 46 31 54 
16 13 46 50 31 54 
16 13 50 46 31 54 
16 13 46 50 31 54 
16 13 50 46 31 54 
16 13 46 50 31 54 
16 13 46 50 31 54 
16 13 46 50 31 54 
16 13 46 50 31 54 
13 50 16 46 31 54 
13 50 46 16 31 54 
13 46 16 50 31 54 
13 46 16 50 31 54 
16 13 50 46 31 54 
16 13 50 46 31 54 
16 13 46 50 31 54 
16 13 46 50 31 54 
