37
16 46 50 13 31 54 
16 46 50 13 31 54 
16 46 50 13 31 54 
16 50 46 13 54 31 
46 50 16 13 31 54 
50 46 16 13 31 54 
16 46 50 13 31 54 
16 50 46 13 54 31 
16 46 50 13 31 54 
16 50 46 13 31 54 
16 46 50 13 31 54 
16 46 50 13 54 31 
16 46 50 13 31 54 
16 46 50 13 31 54 
50 46 13 16 31 54 
50 46 13 16 31 54 
46 50 13 16 54 31 
46 50 13 16 54 31 
16 50 46 13 31 54 
16 50 46 13 31 54 
46 16 50 13 54 31 
46 16 50 13 54 31 
16 46 50 13 31 54 
16 46 50 13 31 54 
16 46 50 13 31 54 
50 16 46 13 54 31 
46 50 16 13 31 54 
50 46 16 13 31 54 
16 46 50 13 31 54 
16 50 46 13 54 31 
16 46 50 13 31 54 
16 50 46 13 31 54 
16 46 50 13 31 54 
16 46 50 13 54 31 
16 46 50 13 31 54 
16 46 50 13 31 54 
50 46 13 16 31 54 
50 46 13 16 31 54 
46 50 13 16 54 31 
46 50 13 16 54 31 
16 50 46 13 31 54 
16 50 46 13 31 54 
46 16 50 13 54 31 
46 16 50 13 54 31 
