19
16 31 50 54 13 46 
16 31 50 54 13 46 
31 16 54 50 13 46 
31 16 54 50 13 46 
31 16 50 54 13 46 
31 16 50 54 13 46 
31 16 50 54 13 46 
31 16 50 54 13 46 
31 16 50 54 13 46 
31 16 54 50 13 46 
31 16 50 54 13 46 
31 16 54 50 13 46 
31 16 50 54 13 46 
31 16 54 50 13 46 
31 16 50 54 13 46 
31 16 54 50 13 46 
31 16 50 54 13 46 
31 16 50 54 13 46 
31 16 50 54 13 46 
31 16 50 54 13 46 
16 31 54 50 13 46 
16 31 54 50 13 46 
16 31 50 54 13 46 
16 31 50 54 13 46 
31 16 54 50 13 46 
31 16 54 50 13 46 
31 16 50 54 13 46 
31 16 50 54 13 46 
31 16 50 54 13 46 
31 16 50 54 13 46 
31 16 50 54 13 46 
31 16 54 50 13 46 
31 16 50 54 13 46 
31 16 54 50 13 46 
31 16 50 54 13 46 
31 16 54 50 13 46 
31 16 50 54 13 46 
31 16 54 50 13 46 
31 16 50 54 13 46 
31 16 50 54 13 46 
31 16 50 54 13 46 
31 16 50 54 13 46 
16 31 54 50 13 46 
16 31 54 50 13 46 
