61
50 46 54 16 31 13 
50 54 46 16 31 13 
50 54 16 46 31 13 
50 16 54 46 31 13 
50 16 46 54 31 13 
50 16 46 54 31 13 
50 16 54 46 31 13 
50 16 54 46 31 13 
50 16 46 54 31 13 
50 16 46 54 31 13 
50 54 46 31 16 13 
50 54 46 31 16 13 
50 46 54 31 16 13 
50 46 54 31 16 13 
50 16 46 54 31 13 
50 16 54 46 31 13 
50 16 46 54 31 13 
50 46 16 54 31 13 
50 16 46 54 31 13 
50 16 54 46 31 13 
50 16 54 46 31 13 
50 46 54 16 31 13 
50 46 54 16 31 13 
50 54 46 16 31 13 
50 16 54 46 31 13 
50 16 54 46 31 13 
50 16 46 54 31 13 
50 16 46 54 31 13 
50 16 54 46 31 13 
50 16 54 46 31 13 
50 16 46 54 31 13 
50 16 46 54 31 13 
50 54 46 31 16 13 
50 54 46 31 16 13 
50 46 54 31 16 13 
50 46 54 31 16 13 
50 16 46 54 31 13 
50 16 54 46 31 13 
50 16 46 54 31 13 
50 46 16 54 31 13 
50 16 46 54 31 13 
50 16 54 46 31 13 
50 16 54 46 31 13 
50 46 54 16 31 13 
