41
50 54 31 16 46 13 
50 54 31 16 46 13 
31 54 50 16 46 13 
31 54 50 16 46 13 
31 50 54 16 46 13 
31 50 54 16 46 13 
31 50 54 16 46 13 
31 50 54 16 46 13 
31 50 54 16 46 13 
31 54 50 16 46 13 
31 50 54 16 46 13 
31 54 50 16 46 13 
31 50 54 16 46 13 
31 54 50 16 46 13 
31 50 54 16 46 13 
31 54 50 16 46 13 
31 50 54 16 46 13 
31 50 54 16 46 13 
31 50 54 16 46 13 
31 50 54 16 46 13 
54 50 31 16 46 13 
54 50 31 16 46 13 
50 54 31 16 46 13 
50 54 31 16 46 13 
31 54 50 16 46 13 
31 54 50 16 46 13 
31 50 54 16 46 13 
31 50 54 16 46 13 
31 50 54 16 46 13 
31 50 54 16 46 13 
31 50 54 16 46 13 
31 54 50 16 46 13 
31 50 54 16 46 13 
31 54 50 16 46 13 
31 50 54 16 46 13 
31 54 50 16 46 13 
31 50 54 16 46 13 
31 54 50 16 46 13 
31 50 54 16 46 13 
31 50 54 16 46 13 
31 50 54 16 46 13 
31 50 54 16 46 13 
54 50 31 16 46 13 
54 50 31 16 46 13 
