5
54 50 46 31 16 13 
54 50 46 31 16 13 
54 50 46 31 16 13 
54 50 46 31 16 13 
54 50 46 31 16 13 
54 50 46 31 16 13 
54 50 46 31 16 13 
54 50 46 31 16 13 
54 50 46 31 16 13 
54 50 46 31 16 13 
54 50 46 31 16 13 
54 50 46 31 16 13 
54 50 46 31 16 13 
54 50 46 31 16 13 
54 50 46 31 16 13 
54 50 46 31 16 13 
54 50 46 31 16 13 
54 50 46 31 16 13 
54 50 46 31 16 13 
54 50 46 31 16 13 
54 50 46 31 16 13 
54 50 46 31 16 13 
54 50 46 31 16 13 
54 50 46 31 16 13 
54 50 46 31 16 13 
54 50 46 31 16 13 
54 50 46 31 16 13 
54 50 46 31 16 13 
54 50 46 31 16 13 
54 50 46 31 16 13 
54 50 46 31 16 13 
54 50 46 31 16 13 
54 50 46 31 16 13 
54 50 46 31 16 13 
54 50 46 31 16 13 
54 50 46 31 16 13 
54 50 46 31 16 13 
54 50 46 31 16 13 
54 50 46 31 16 13 
54 50 46 31 16 13 
54 50 46 31 16 13 
54 50 46 31 16 13 
54 50 46 31 16 13 
54 50 46 31 16 13 
