50 46 54 16 31 13 
50 46 54 16 31 13 
50 16 46 54 13 31 
50 16 46 54 13 31 
46 31 50 16 54 13 
46 31 50 16 54 13 
46 31 50 16 54 13 
46 31 50 54 16 13 
46 31 50 16 54 13 
46 31 50 54 16 13 
46 31 50 16 54 13 
46 50 31 54 16 13 
46 50 31 16 54 13 
46 50 31 54 16 13 
46 31 50 16 54 13 
46 31 50 16 54 13 
46 31 50 16 54 13 
46 31 50 16 54 13 
31 54 16 46 50 13 
31 54 16 46 50 13 
31 16 46 54 13 50 
31 16 46 54 13 50 
50 46 54 16 31 13 
50 46 54 16 31 13 
50 16 46 54 13 31 
50 16 46 54 13 31 
46 31 50 16 54 13 
46 31 50 16 54 13 
46 31 50 16 54 13 
46 31 50 54 16 13 
46 31 50 16 54 13 
46 31 50 54 16 13 
46 31 50 16 54 13 
46 50 31 54 16 13 
46 50 31 16 54 13 
46 50 31 54 16 13 
46 31 50 16 54 13 
46 31 50 16 54 13 
46 31 50 16 54 13 
46 31 50 16 54 13 
31 54 16 46 50 13 
31 54 16 46 50 13 
31 16 46 54 13 50 
31 16 46 54 13 50 
