51
54 50 46 13 31 16 
54 50 13 46 16 31 
54 50 13 46 16 31 
54 50 13 46 16 31 
54 50 46 13 31 16 
54 50 46 13 31 16 
54 50 13 46 16 31 
54 50 13 46 16 31 
54 50 46 13 31 16 
54 50 46 13 31 16 
54 50 13 46 16 31 
54 50 13 46 16 31 
54 50 46 13 16 31 
54 50 46 13 31 16 
54 50 46 13 31 16 
54 50 13 46 16 31 
54 50 13 46 16 31 
54 46 50 13 31 16 
54 50 46 13 31 16 
54 50 13 46 16 31 
54 50 13 46 16 31 
54 50 13 46 31 16 
54 50 46 13 31 16 
54 50 13 46 16 31 
54 50 13 46 16 31 
54 50 13 46 16 31 
54 50 46 13 31 16 
54 50 46 13 31 16 
54 50 13 46 16 31 
54 50 13 46 16 31 
54 50 46 13 31 16 
54 50 46 13 31 16 
54 50 13 46 16 31 
54 50 13 46 16 31 
54 50 46 13 16 31 
50 54 46 13 31 16 
54 50 46 13 31 16 
54 50 13 46 16 31 
54 50 13 46 16 31 
54 46 50 13 31 16 
54 50 46 13 31 16 
54 50 13 46 16 31 
54 50 13 46 16 31 
54 50 13 46 31 16 
