50 46 54 31 16 13 
50 46 54 31 16 13 
50 46 54 31 16 13 
50 46 54 16 31 13 
46 50 31 54 16 13 
46 50 54 31 16 13 
50 46 54 31 16 13 
50 54 46 31 13 16 
54 50 31 46 16 13 
54 50 46 31 16 13 
50 46 54 31 16 13 
50 46 54 31 16 13 
50 46 54 31 16 13 
50 46 54 31 16 13 
46 31 50 54 16 13 
46 31 50 54 16 13 
46 31 50 16 54 13 
46 31 50 16 54 13 
54 50 31 46 16 13 
54 50 31 46 16 13 
54 31 50 16 46 13 
31 54 16 46 50 13 
50 46 54 31 16 13 
50 46 54 31 16 13 
50 46 54 31 16 13 
50 46 54 16 31 13 
46 50 31 54 16 13 
46 50 54 31 16 13 
50 46 54 31 16 13 
50 54 46 31 13 16 
54 50 31 46 16 13 
54 50 46 31 16 13 
50 46 54 31 16 13 
50 46 54 31 16 13 
50 46 54 31 16 13 
50 46 54 31 16 13 
46 31 50 54 16 13 
46 31 50 54 16 13 
46 31 50 16 54 13 
46 31 50 16 54 13 
54 50 31 46 16 13 
54 50 31 46 16 13 
54 31 50 16 46 13 
31 54 16 46 50 13 
