54 50 46 31 16 13 
54 50 46 31 13 16 
54 50 46 31 13 16 
54 50 46 31 16 13 
54 50 46 31 16 13 
54 50 46 31 13 16 
54 50 46 31 13 16 
54 50 46 31 13 16 
54 50 46 31 16 13 
54 50 46 31 16 13 
50 54 46 31 13 16 
50 54 46 31 13 16 
50 46 54 31 16 13 
50 46 54 31 16 13 
54 50 46 31 13 16 
54 50 46 31 13 16 
54 50 46 31 13 16 
54 46 50 31 16 13 
54 50 46 31 16 13 
54 50 46 31 13 16 
54 50 46 31 13 16 
54 50 31 46 16 13 
54 50 46 31 16 13 
54 50 46 31 13 16 
54 50 46 31 13 16 
54 50 46 31 16 13 
54 50 46 31 16 13 
54 50 46 31 13 16 
54 50 46 31 13 16 
54 50 46 31 13 16 
54 50 46 31 16 13 
54 50 46 31 16 13 
50 54 46 31 13 16 
50 54 46 31 13 16 
50 46 54 31 16 13 
50 46 54 31 16 13 
54 50 46 31 13 16 
54 50 46 31 13 16 
54 50 46 31 13 16 
54 46 50 31 16 13 
54 50 46 31 16 13 
54 50 46 31 13 16 
54 50 46 31 13 16 
54 50 31 46 16 13 
