45
46 54 13 31 50 16 
46 54 13 31 50 16 
46 54 13 31 50 16 
46 54 13 31 50 16 
46 54 31 50 13 16 
46 54 31 50 13 16 
46 54 31 50 13 16 
46 54 31 50 13 16 
46 54 13 31 50 16 
46 54 13 31 50 16 
46 54 13 31 50 16 
46 54 13 31 50 16 
46 54 13 31 50 16 
46 54 13 31 50 16 
46 54 13 31 50 16 
46 54 13 31 50 16 
46 54 13 31 50 16 
46 54 13 31 50 16 
46 54 13 31 50 16 
46 54 13 31 50 16 
46 54 13 31 50 16 
46 54 13 31 50 16 
46 54 13 31 50 16 
46 54 13 31 50 16 
46 54 13 31 50 16 
46 54 13 31 50 16 
46 54 31 50 13 16 
46 54 31 50 13 16 
46 54 31 50 13 16 
46 54 31 50 13 16 
46 54 13 31 50 16 
46 54 13 31 50 16 
46 54 13 31 50 16 
46 54 13 31 50 16 
46 54 13 31 50 16 
46 54 13 31 50 16 
46 54 13 31 50 16 
46 54 13 31 50 16 
46 54 13 31 50 16 
46 54 13 31 50 16 
46 54 13 31 50 16 
46 54 13 31 50 16 
46 54 13 31 50 16 
46 54 13 31 50 16 
