32
31 54 13 46 50 16 
31 54 13 46 50 16 
31 54 13 46 50 16 
31 54 13 46 50 16 
31 54 13 46 50 16 
31 54 13 46 50 16 
31 54 13 46 50 16 
31 54 13 46 50 16 
31 54 13 46 50 16 
31 54 13 46 50 16 
31 54 13 46 50 16 
31 54 13 46 50 16 
31 13 54 46 50 16 
31 54 13 46 50 16 
31 54 13 46 50 16 
31 54 13 46 50 16 
31 54 13 46 50 16 
31 54 13 46 50 16 
31 54 13 46 50 16 
31 13 54 46 50 16 
31 54 13 46 50 16 
31 54 13 46 50 16 
31 54 13 46 50 16 
31 54 13 46 50 16 
31 54 13 46 50 16 
31 54 13 46 50 16 
31 54 13 46 50 16 
31 54 13 46 50 16 
31 54 13 46 50 16 
31 54 13 46 50 16 
31 54 13 46 16 50 
31 54 13 46 50 16 
31 54 13 46 50 16 
31 54 13 46 50 16 
31 13 54 46 50 16 
31 54 13 46 50 16 
31 54 13 46 50 16 
31 54 13 46 50 16 
31 54 13 46 50 16 
31 54 13 46 50 16 
31 54 13 46 50 16 
31 13 54 46 50 16 
31 54 13 46 50 16 
31 54 13 46 50 16 
