17
16 50 31 13 46 54 
16 50 31 13 54 46 
16 50 31 13 54 46 
16 50 31 13 54 46 
16 50 31 13 46 54 
16 50 31 13 46 54 
16 31 13 50 54 46 
16 31 13 50 54 46 
16 31 13 50 46 54 
16 31 13 50 46 54 
16 31 13 50 54 46 
16 31 13 50 54 46 
16 31 13 50 46 54 
16 31 13 50 46 54 
16 50 31 13 46 54 
16 50 31 13 54 46 
16 50 31 13 46 54 
16 50 31 13 46 54 
16 50 31 13 46 54 
16 50 31 13 54 46 
16 50 31 13 54 46 
16 50 31 13 46 54 
16 50 31 13 46 54 
16 50 31 13 54 46 
16 50 31 13 54 46 
16 50 31 13 54 46 
16 50 31 13 46 54 
16 50 31 13 46 54 
16 31 13 50 54 46 
16 31 13 50 54 46 
16 31 13 50 46 54 
16 31 13 50 46 54 
16 31 13 50 54 46 
16 31 13 50 54 46 
16 31 13 50 46 54 
16 31 13 50 46 54 
16 50 31 13 46 54 
16 50 31 13 54 46 
16 50 31 13 46 54 
16 50 31 13 46 54 
16 50 31 13 46 54 
16 50 31 13 54 46 
16 50 31 13 54 46 
16 50 31 13 46 54 
