9
31 54 16 13 50 46 
31 16 54 13 50 46 
31 54 13 16 50 46 
31 54 13 16 50 46 
31 54 16 13 50 46 
31 16 54 13 50 46 
31 16 13 54 50 46 
31 13 16 54 50 46 
31 54 13 16 50 46 
31 54 16 13 50 46 
31 54 16 13 50 46 
31 54 13 16 50 46 
31 54 13 16 50 46 
31 54 13 16 50 46 
31 54 16 13 50 46 
31 54 13 16 50 46 
31 13 16 54 50 46 
31 13 16 54 50 46 
31 16 13 50 54 46 
31 16 13 50 54 46 
31 54 13 16 50 46 
31 54 13 16 50 46 
31 54 16 13 50 46 
31 16 54 13 50 46 
31 54 13 16 50 46 
31 54 13 16 50 46 
31 54 16 13 50 46 
31 16 54 13 50 46 
31 16 13 54 50 46 
31 13 16 54 50 46 
31 54 13 16 50 46 
31 54 16 13 50 46 
31 54 16 13 50 46 
31 54 13 16 50 46 
31 54 13 16 50 46 
31 54 13 16 50 46 
31 54 16 13 50 46 
31 54 13 16 50 46 
31 13 16 54 50 46 
31 13 16 54 50 46 
31 16 13 50 54 46 
31 16 13 50 54 46 
31 54 13 16 50 46 
31 54 13 16 50 46 
