57
46 54 50 13 16 31 
46 54 50 13 16 31 
46 54 50 13 31 16 
46 54 50 13 31 16 
46 54 50 13 16 31 
46 54 50 13 16 31 
46 54 50 13 31 16 
46 54 50 13 31 16 
46 13 54 50 16 31 
46 13 54 50 16 31 
46 13 54 50 31 16 
46 54 13 50 31 16 
46 54 13 50 16 31 
46 54 13 50 16 31 
46 54 13 50 31 16 
46 54 13 50 31 16 
46 54 13 50 16 31 
46 54 13 50 16 31 
46 13 54 50 16 31 
46 13 54 50 16 31 
46 13 54 50 16 31 
46 13 54 50 16 31 
46 54 50 13 16 31 
46 54 50 13 16 31 
46 54 50 13 31 16 
46 54 13 50 31 16 
46 54 50 13 16 31 
46 54 50 13 16 31 
46 54 50 13 31 16 
46 54 50 13 31 16 
46 13 54 50 16 31 
46 13 54 50 16 31 
46 13 54 50 31 16 
46 54 13 50 31 16 
46 54 13 50 16 31 
46 54 13 50 16 31 
46 54 13 50 31 16 
46 54 13 50 31 16 
46 54 13 50 16 31 
46 54 13 50 16 31 
46 13 54 50 16 31 
46 13 54 50 16 31 
46 13 54 50 16 31 
46 13 54 50 16 31 
