56
46 54 13 31 50 16 
46 54 13 31 50 16 
46 54 13 31 50 16 
46 54 13 31 50 16 
54 46 31 50 13 16 
54 46 31 50 13 16 
54 46 31 50 13 16 
54 46 31 50 13 16 
46 54 13 50 31 16 
46 54 13 31 50 16 
46 54 13 31 50 16 
46 54 13 31 50 16 
46 54 13 31 50 16 
46 54 13 31 50 16 
46 54 13 31 50 16 
46 54 13 31 50 16 
46 54 13 31 50 16 
46 54 13 31 50 16 
46 54 13 31 50 16 
46 54 13 50 31 16 
46 54 13 31 50 16 
46 54 13 31 50 16 
46 54 13 31 50 16 
46 54 13 31 50 16 
46 54 13 31 50 16 
46 54 13 31 50 16 
54 46 31 50 13 16 
54 46 31 50 13 16 
54 46 31 50 13 16 
54 46 31 13 50 16 
46 54 13 50 31 16 
46 54 13 31 50 16 
46 54 13 31 50 16 
46 54 13 31 50 16 
46 54 13 31 50 16 
46 54 13 31 50 16 
46 54 13 31 50 16 
46 54 13 31 50 16 
46 54 13 31 50 16 
46 54 13 31 50 16 
46 54 13 31 50 16 
46 54 13 50 31 16 
46 54 13 31 50 16 
46 54 13 31 50 16 
