12
13 46 31 16 54 50 
13 46 31 16 54 50 
13 46 31 16 54 50 
13 46 31 16 54 50 
13 31 16 54 46 50 
13 31 16 54 46 50 
13 31 16 54 46 50 
13 31 16 54 46 50 
13 46 31 16 54 50 
13 46 31 16 54 50 
13 46 31 16 54 50 
13 31 46 16 54 50 
13 46 31 16 54 50 
13 46 31 16 54 50 
13 46 31 16 54 50 
13 31 46 16 54 50 
13 31 16 46 54 50 
13 31 46 16 54 50 
13 46 31 16 54 50 
13 46 31 16 54 50 
13 46 31 16 54 50 
13 46 31 16 54 50 
13 46 31 16 54 50 
13 46 31 16 54 50 
13 46 31 16 54 50 
13 46 31 16 54 50 
13 31 16 54 46 50 
13 31 16 54 46 50 
13 31 16 54 46 50 
13 31 16 54 46 50 
13 46 31 16 54 50 
13 46 31 16 54 50 
13 46 31 16 54 50 
13 31 46 16 54 50 
13 46 31 16 54 50 
13 46 31 16 54 50 
13 46 31 16 54 50 
13 31 46 16 54 50 
13 31 16 46 54 50 
13 31 46 16 54 50 
13 46 31 16 54 50 
13 46 31 16 54 50 
13 46 31 16 54 50 
13 46 31 16 54 50 
