30
54 13 50 16 46 31 
54 13 50 16 46 31 
13 54 16 50 31 46 
13 54 16 50 31 46 
54 13 50 16 46 31 
54 13 50 16 46 31 
13 54 16 50 31 46 
13 54 16 50 31 46 
54 13 50 16 31 46 
54 13 50 16 46 31 
54 13 50 16 46 31 
13 54 16 50 31 46 
54 13 16 50 31 46 
13 54 50 16 46 31 
54 13 50 16 46 31 
13 54 16 50 31 46 
13 54 16 50 31 46 
13 54 16 50 46 31 
54 13 50 16 46 31 
13 54 16 50 31 46 
13 54 16 50 31 46 
13 54 16 50 31 46 
54 13 50 16 46 31 
54 13 50 16 46 31 
13 54 16 50 31 46 
13 54 16 50 31 46 
54 13 50 16 46 31 
54 13 50 16 46 31 
13 54 16 50 31 46 
13 54 16 50 31 46 
54 13 50 16 31 46 
54 13 50 16 46 31 
54 13 50 16 46 31 
13 54 16 50 31 46 
54 13 16 50 31 46 
13 54 50 16 46 31 
54 13 50 16 46 31 
13 54 16 50 31 46 
13 54 16 50 31 46 
13 54 16 50 46 31 
54 13 50 16 46 31 
13 54 16 50 31 46 
13 54 16 50 31 46 
13 54 16 50 31 46 
