22
31 54 13 46 16 50 
31 13 54 46 16 50 
31 13 54 46 16 50 
31 13 54 46 16 50 
31 54 13 46 16 50 
31 54 13 46 16 50 
31 54 13 46 16 50 
31 54 13 46 16 50 
31 13 54 46 16 50 
31 54 13 46 16 50 
31 54 13 46 16 50 
31 54 13 46 16 50 
31 13 46 54 16 50 
31 13 46 54 16 50 
31 13 46 54 16 50 
31 13 46 54 16 50 
31 54 13 46 16 50 
31 54 13 46 16 50 
31 54 13 46 16 50 
31 13 54 46 16 50 
31 54 13 46 16 50 
31 54 13 46 16 50 
31 54 13 46 16 50 
31 13 54 46 16 50 
31 13 54 46 16 50 
31 13 54 46 16 50 
31 54 13 46 16 50 
31 54 13 46 16 50 
31 54 13 46 16 50 
31 54 13 46 16 50 
31 13 54 46 16 50 
31 54 13 46 16 50 
31 54 13 46 16 50 
31 54 13 46 16 50 
31 13 46 54 16 50 
31 13 46 54 16 50 
31 13 46 54 16 50 
31 13 46 54 16 50 
31 54 13 46 16 50 
31 54 13 46 16 50 
31 54 13 46 16 50 
31 13 54 46 16 50 
31 54 13 46 16 50 
31 54 13 46 16 50 
