36
16 46 50 13 54 31 
16 46 50 13 54 31 
16 46 50 13 54 31 
46 16 50 13 54 31 
46 13 16 50 54 31 
46 13 16 50 54 31 
46 13 16 50 54 31 
46 13 16 50 54 31 
46 13 16 50 54 31 
46 13 16 50 54 31 
46 13 16 50 54 31 
46 13 16 50 54 31 
46 13 16 50 54 31 
46 13 16 50 54 31 
46 13 50 16 54 31 
46 13 16 50 54 31 
46 13 16 50 54 31 
46 13 16 50 54 31 
46 13 16 50 54 31 
46 13 16 50 54 31 
46 13 16 50 54 31 
46 13 16 50 54 31 
16 46 50 13 54 31 
16 46 50 13 54 31 
46 16 50 13 54 31 
46 50 16 13 54 31 
46 13 16 50 54 31 
46 13 16 50 54 31 
46 13 16 50 54 31 
46 13 16 50 54 31 
46 13 16 50 54 31 
46 13 16 50 54 31 
46 13 16 50 54 31 
46 13 16 50 54 31 
46 13 16 50 54 31 
46 13 16 50 54 31 
46 13 50 16 54 31 
46 13 16 50 54 31 
46 13 16 50 54 31 
46 13 16 50 54 31 
46 13 16 50 54 31 
46 13 16 50 54 31 
46 13 16 50 54 31 
46 13 16 50 54 31 
