28
50 16 31 13 46 54 
50 16 31 13 54 46 
50 16 31 13 54 46 
50 16 31 13 54 46 
50 16 31 13 46 54 
50 16 31 13 46 54 
16 31 50 13 54 46 
16 31 50 13 54 46 
16 31 50 13 46 54 
16 31 50 13 46 54 
31 50 16 13 54 46 
31 50 16 13 54 46 
31 50 16 13 46 54 
31 16 50 13 46 54 
50 16 31 13 46 54 
50 16 31 13 54 46 
50 16 31 13 46 54 
50 16 31 13 46 54 
16 50 31 13 46 54 
16 50 31 13 54 46 
16 50 31 13 54 46 
16 50 31 13 46 54 
16 50 31 13 46 54 
50 16 31 13 54 46 
50 16 31 13 54 46 
50 16 31 13 54 46 
50 16 31 13 46 54 
50 16 31 13 46 54 
16 31 50 13 54 46 
16 31 50 13 54 46 
16 31 50 13 46 54 
16 31 50 13 46 54 
31 50 16 13 54 46 
31 50 16 13 54 46 
31 16 50 13 46 54 
31 16 50 13 46 54 
50 16 31 13 46 54 
50 16 31 13 54 46 
50 16 31 13 46 54 
50 16 31 13 46 54 
16 50 31 13 46 54 
16 50 31 13 54 46 
16 50 31 13 54 46 
16 50 31 13 46 54 
