23
16 13 31 46 50 54 
16 13 31 46 50 54 
16 13 31 46 50 54 
16 13 31 46 50 54 
13 46 16 31 50 54 
13 46 16 31 50 54 
13 16 46 31 50 54 
13 16 46 31 50 54 
31 16 46 13 50 54 
31 16 46 13 50 54 
31 16 46 13 50 54 
31 16 46 13 50 54 
16 13 31 46 50 54 
16 13 31 46 50 54 
16 13 31 46 50 54 
16 13 31 46 50 54 
16 13 31 46 50 54 
16 13 31 46 50 54 
16 13 31 46 50 54 
16 31 13 46 50 54 
16 31 13 46 50 54 
16 31 13 46 50 54 
16 13 31 46 50 54 
16 13 31 46 50 54 
16 13 31 46 50 54 
16 13 31 46 50 54 
13 46 16 31 50 54 
13 46 16 31 50 54 
13 16 46 31 50 54 
13 16 46 31 50 54 
31 16 46 13 50 54 
31 16 46 13 50 54 
31 16 46 13 50 54 
31 16 46 13 50 54 
16 13 31 46 50 54 
16 13 31 46 50 54 
16 13 31 46 50 54 
16 13 31 46 50 54 
16 13 31 46 50 54 
16 13 31 46 50 54 
16 13 31 46 50 54 
16 31 13 46 50 54 
16 31 13 46 50 54 
16 31 13 46 50 54 
