50 46 54 31 16 13 
50 46 54 31 16 13 
50 46 54 31 16 13 
50 46 54 31 16 13 
50 46 54 31 16 13 
50 46 54 31 16 13 
50 46 54 31 16 13 
50 46 54 31 16 13 
50 46 54 31 16 13 
50 46 54 31 16 13 
50 46 54 31 16 13 
50 46 54 31 16 13 
50 46 54 31 16 13 
50 46 54 31 16 13 
50 46 54 31 16 13 
50 46 54 31 16 13 
50 46 54 31 16 13 
50 46 54 31 16 13 
50 46 54 31 16 13 
50 46 54 31 16 13 
50 46 54 31 16 13 
50 46 54 31 16 13 
50 46 54 31 16 13 
50 46 54 31 16 13 
50 46 54 31 16 13 
50 46 54 31 16 13 
50 46 54 31 16 13 
50 46 54 31 16 13 
50 46 54 31 16 13 
50 46 54 31 16 13 
50 46 54 31 16 13 
50 46 54 31 16 13 
50 46 54 31 16 13 
50 46 54 31 16 13 
50 46 54 31 16 13 
50 46 54 31 16 13 
50 46 54 31 16 13 
50 46 54 31 16 13 
50 46 54 31 16 13 
50 46 54 31 16 13 
50 46 54 31 16 13 
50 46 54 31 16 13 
50 46 54 31 16 13 
50 46 54 31 16 13 
