54 50 13 46 16 31 
54 50 13 46 16 31 
54 50 13 46 16 31 
54 50 13 46 16 31 
54 50 13 46 16 31 
54 50 13 46 16 31 
54 50 13 46 16 31 
54 50 13 46 16 31 
54 50 13 46 16 31 
54 50 13 46 16 31 
54 50 13 46 16 31 
54 50 13 46 16 31 
54 50 13 46 16 31 
54 50 13 46 16 31 
54 50 13 46 16 31 
54 50 13 46 16 31 
54 50 13 46 16 31 
54 50 13 46 16 31 
54 50 13 46 16 31 
54 50 13 46 16 31 
54 50 13 46 16 31 
54 50 13 46 16 31 
54 50 13 46 16 31 
54 50 13 46 16 31 
54 50 13 46 16 31 
54 50 13 46 16 31 
54 50 13 46 16 31 
54 50 13 46 16 31 
54 50 13 46 16 31 
54 50 13 46 16 31 
54 50 13 46 16 31 
54 50 13 46 16 31 
54 50 13 46 16 31 
54 50 13 46 16 31 
54 50 13 46 16 31 
54 50 13 46 16 31 
54 50 13 46 16 31 
54 50 13 46 16 31 
54 50 13 46 16 31 
54 50 13 46 16 31 
54 50 13 46 16 31 
54 50 13 46 16 31 
54 50 13 46 16 31 
54 50 13 46 16 31 
