54 50 46 31 13 16 
54 50 46 31 13 16 
54 50 46 31 13 16 
54 50 46 31 13 16 
54 50 46 31 13 16 
54 50 46 31 13 16 
54 50 46 31 13 16 
54 50 46 31 13 16 
54 50 46 31 13 16 
54 50 46 31 13 16 
54 50 46 31 13 16 
54 50 46 31 13 16 
54 50 46 31 13 16 
54 50 46 31 13 16 
54 50 46 31 13 16 
54 50 46 31 13 16 
54 50 46 31 13 16 
54 50 46 31 13 16 
54 50 46 31 13 16 
54 50 46 31 13 16 
54 50 46 31 13 16 
54 50 46 31 13 16 
54 50 46 31 13 16 
54 50 46 31 13 16 
54 50 46 31 13 16 
54 50 46 31 13 16 
54 50 46 31 13 16 
54 50 46 31 13 16 
54 50 46 31 13 16 
54 50 46 31 13 16 
54 50 46 31 13 16 
54 50 46 31 13 16 
54 50 46 31 13 16 
54 50 46 31 13 16 
54 50 46 31 13 16 
54 50 46 31 13 16 
54 50 46 31 13 16 
54 50 46 31 13 16 
54 50 46 31 13 16 
54 50 46 31 13 16 
54 50 46 31 13 16 
54 50 46 31 13 16 
54 50 46 31 13 16 
54 50 46 31 13 16 
