29
31 50 16 54 13 46 
31 50 16 54 13 46 
31 50 16 54 13 46 
31 50 16 54 13 46 
31 50 16 54 13 46 
31 50 16 54 13 46 
31 16 50 54 13 46 
31 16 50 54 13 46 
31 16 50 54 13 46 
31 16 50 54 13 46 
31 50 16 54 13 46 
31 50 16 54 13 46 
31 50 16 54 13 46 
31 50 16 54 13 46 
31 50 16 54 13 46 
31 50 16 54 13 46 
31 50 16 54 13 46 
31 50 16 54 13 46 
31 16 50 54 13 46 
31 16 50 54 13 46 
31 50 16 54 13 46 
31 50 16 54 13 46 
31 50 16 54 13 46 
31 50 16 54 13 46 
31 50 16 54 13 46 
31 50 16 54 13 46 
31 50 16 54 13 46 
31 50 16 54 13 46 
31 16 50 54 13 46 
31 16 50 54 13 46 
31 16 50 54 13 46 
31 16 50 54 13 46 
31 50 16 54 13 46 
31 50 16 54 13 46 
31 50 16 54 13 46 
31 50 16 54 13 46 
31 50 16 54 13 46 
31 50 16 54 13 46 
31 50 16 54 13 46 
31 50 16 54 13 46 
31 16 50 54 13 46 
31 16 50 54 13 46 
31 50 16 54 13 46 
31 50 16 54 13 46 
