50 46 54 16 31 13 
50 46 54 16 31 13 
50 16 46 54 13 31 
16 50 13 31 46 54 
46 31 50 16 54 13 
46 31 50 16 54 13 
46 31 50 16 54 13 
46 31 50 54 13 16 
31 46 16 54 50 13 
31 46 54 50 16 13 
46 31 50 16 54 13 
46 50 31 54 16 13 
50 46 16 54 31 13 
50 46 54 31 16 13 
46 31 50 16 54 13 
46 31 50 16 54 13 
46 31 50 16 54 13 
46 31 50 16 54 13 
31 54 16 46 50 13 
31 54 16 46 50 13 
31 16 46 54 13 50 
31 16 46 13 50 54 
50 46 54 16 31 13 
50 46 54 16 31 13 
50 16 46 54 13 31 
16 50 13 31 46 54 
46 31 50 16 54 13 
46 31 50 16 54 13 
46 31 50 16 54 13 
46 31 50 54 13 16 
31 46 16 54 50 13 
31 46 54 50 16 13 
46 31 50 16 54 13 
46 50 31 54 16 13 
50 46 16 54 31 13 
50 46 54 31 16 13 
46 31 50 16 54 13 
46 31 50 16 54 13 
46 31 50 16 54 13 
46 31 50 16 54 13 
31 54 16 46 50 13 
31 54 16 46 50 13 
31 16 46 54 13 50 
31 16 46 13 50 54 
