0
13 31 54 46 16 50 
13 31 54 46 16 50 
13 31 54 46 16 50 
13 31 46 54 16 50 
13 31 54 46 16 50 
13 31 54 46 16 50 
13 31 54 46 16 50 
13 31 54 46 16 50 
13 31 54 46 16 50 
13 31 54 46 16 50 
13 31 54 46 16 50 
13 31 54 16 46 50 
13 31 46 16 54 50 
13 31 46 16 54 50 
13 31 46 16 54 50 
13 31 54 46 16 50 
13 31 54 46 16 50 
13 31 54 46 16 50 
13 31 54 46 16 50 
13 31 54 46 16 50 
13 31 54 46 16 50 
13 31 54 46 16 50 
13 31 54 46 16 50 
13 31 54 46 16 50 
13 31 54 46 16 50 
13 31 46 54 16 50 
13 31 54 46 16 50 
13 31 54 46 16 50 
13 31 54 46 16 50 
13 31 54 46 16 50 
13 31 54 46 16 50 
13 31 54 46 16 50 
13 31 54 46 16 50 
13 31 54 46 16 50 
13 31 46 16 54 50 
13 31 46 16 54 50 
13 31 46 16 54 50 
13 31 54 46 16 50 
13 31 54 46 16 50 
13 31 54 46 16 50 
13 31 54 46 16 50 
13 31 54 46 16 50 
13 31 54 46 16 50 
13 31 54 46 16 50 
