15
16 13 46 50 31 54 
16 13 46 50 31 54 
16 13 46 50 31 54 
16 13 50 46 31 54 
16 13 46 50 31 54 
16 13 50 46 31 54 
16 13 46 50 31 54 
16 13 50 46 31 54 
16 13 46 50 31 54 
16 13 50 46 31 54 
16 13 46 50 31 54 
16 13 46 50 31 54 
16 13 46 50 31 54 
16 13 46 50 31 54 
16 13 50 46 31 54 
16 13 50 46 31 54 
16 13 46 50 31 54 
16 13 46 50 31 54 
16 13 50 46 31 54 
16 13 50 46 31 54 
16 13 46 50 31 54 
16 13 46 50 31 54 
16 13 46 50 31 54 
16 13 46 50 31 54 
16 13 46 50 31 54 
16 13 50 46 31 54 
16 13 46 50 31 54 
16 13 50 46 31 54 
16 13 46 50 31 54 
16 13 50 46 31 54 
16 13 46 50 31 54 
16 13 50 46 31 54 
16 13 46 50 31 54 
16 13 46 50 31 54 
16 13 46 50 31 54 
16 13 46 50 31 54 
16 13 50 46 31 54 
16 13 50 46 31 54 
16 13 46 50 31 54 
16 13 46 50 31 54 
16 13 50 46 31 54 
16 13 50 46 31 54 
16 13 46 50 31 54 
16 13 46 50 31 54 
