46
16 50 13 31 46 54 
16 50 13 31 46 54 
16 13 31 50 46 54 
16 13 31 50 46 54 
46 31 50 13 16 54 
46 31 50 13 16 54 
46 13 31 50 16 54 
46 13 31 50 16 54 
31 16 46 13 50 54 
31 16 46 13 50 54 
31 16 46 13 50 54 
31 16 46 50 13 54 
31 16 46 13 50 54 
31 16 50 46 13 54 
31 16 46 13 50 54 
31 46 16 50 13 54 
31 46 16 13 50 54 
46 31 50 16 13 54 
31 16 46 13 50 54 
31 16 46 13 50 54 
31 16 46 13 50 54 
31 16 46 13 50 54 
16 50 13 31 46 54 
16 50 13 31 46 54 
16 13 31 50 46 54 
16 13 31 46 50 54 
46 31 50 13 16 54 
46 31 50 13 16 54 
46 13 31 50 16 54 
13 46 16 31 50 54 
31 16 46 13 50 54 
31 16 46 13 50 54 
31 16 46 13 50 54 
31 16 46 50 13 54 
31 16 46 13 50 54 
31 16 50 46 13 54 
31 16 46 13 50 54 
31 46 16 50 13 54 
31 46 16 13 50 54 
46 31 50 16 13 54 
31 16 46 13 50 54 
31 16 46 13 50 54 
31 16 46 13 50 54 
31 16 46 13 50 54 
