27
16 50 13 31 46 54 
16 50 13 31 46 54 
16 50 13 31 46 54 
16 50 13 31 46 54 
16 50 13 31 46 54 
16 50 13 31 46 54 
16 50 13 31 46 54 
16 50 13 31 46 54 
16 50 13 31 46 54 
16 50 13 31 46 54 
16 13 31 50 46 54 
16 13 31 50 46 54 
16 13 31 46 50 54 
16 13 31 46 50 54 
50 16 13 31 46 54 
50 16 13 31 46 54 
50 16 13 31 46 54 
50 16 13 31 46 54 
16 50 13 31 46 54 
16 50 13 31 46 54 
16 50 13 31 46 54 
16 50 13 31 46 54 
16 50 13 31 46 54 
16 50 13 31 46 54 
16 50 13 31 46 54 
16 50 13 31 46 54 
16 50 13 31 46 54 
16 50 13 31 46 54 
16 50 13 31 46 54 
16 50 13 31 46 54 
16 50 13 31 46 54 
16 50 13 31 46 54 
16 13 31 50 46 54 
16 13 31 50 46 54 
16 13 31 46 50 54 
16 13 31 46 50 54 
50 16 13 31 46 54 
50 16 13 31 46 54 
50 16 13 31 46 54 
50 16 13 31 46 54 
16 50 13 31 46 54 
16 50 13 31 46 54 
16 50 13 31 46 54 
16 50 13 31 46 54 
