35
46 13 54 16 50 31 
46 13 54 16 31 50 
46 13 54 31 16 50 
46 13 54 31 16 50 
46 13 54 16 50 31 
46 13 54 16 50 31 
46 54 13 31 16 50 
46 54 13 31 16 50 
46 13 54 16 31 50 
46 13 54 16 50 31 
46 13 54 31 16 50 
46 13 54 31 16 50 
46 13 54 16 31 50 
46 13 54 16 50 31 
46 13 54 31 50 16 
46 13 54 31 16 50 
46 13 54 16 31 50 
46 13 54 16 50 31 
46 13 54 16 50 31 
46 13 54 16 31 50 
46 13 54 16 31 50 
46 13 54 16 31 50 
46 13 54 16 50 31 
46 13 54 16 31 50 
46 13 54 31 16 50 
46 13 54 31 50 16 
46 13 54 16 50 31 
46 13 54 16 50 31 
46 54 13 31 16 50 
46 54 13 31 16 50 
46 13 54 16 31 50 
46 13 54 16 50 31 
46 13 54 31 16 50 
46 13 54 31 16 50 
46 13 54 16 31 50 
46 13 54 16 50 31 
46 13 54 31 50 16 
46 13 54 31 16 50 
46 13 54 16 31 50 
46 13 54 16 50 31 
46 13 54 16 50 31 
46 13 54 16 31 50 
46 13 54 16 31 50 
46 13 54 16 31 50 
