24
13 16 46 31 54 50 
13 46 16 31 54 50 
13 46 16 31 54 50 
13 46 16 31 54 50 
13 46 16 31 54 50 
13 46 16 31 54 50 
13 46 16 31 54 50 
13 46 16 31 54 50 
13 46 16 31 54 50 
13 46 16 31 54 50 
13 46 16 31 54 50 
13 46 16 31 54 50 
13 46 16 31 54 50 
13 46 16 31 54 50 
13 46 16 31 54 50 
13 46 16 31 54 50 
13 46 16 31 54 50 
13 46 16 31 54 50 
13 46 16 31 54 50 
13 46 16 31 54 50 
13 46 16 31 54 50 
13 46 16 31 54 50 
13 16 46 31 54 50 
13 46 16 31 54 50 
13 46 16 31 54 50 
13 46 16 31 54 50 
13 46 16 31 54 50 
13 46 16 31 54 50 
13 46 16 31 54 50 
13 16 46 31 54 50 
13 46 16 31 54 50 
13 46 16 31 54 50 
13 46 16 31 54 50 
13 46 16 31 54 50 
13 46 16 31 54 50 
13 46 16 31 54 50 
13 46 16 31 54 50 
13 46 16 31 54 50 
13 46 16 31 54 50 
13 46 16 31 54 50 
13 46 16 31 54 50 
13 46 16 31 54 50 
13 46 16 31 54 50 
13 46 16 31 54 50 
