40
50 31 16 54 46 13 
50 31 16 54 46 13 
50 31 54 16 46 13 
50 31 16 54 46 13 
50 31 16 54 46 13 
50 31 16 54 46 13 
31 50 54 16 46 13 
31 16 50 54 46 13 
31 16 50 54 46 13 
31 16 50 54 46 13 
50 31 16 54 46 13 
50 31 16 54 46 13 
50 31 16 54 46 13 
50 31 54 16 46 13 
50 31 16 54 46 13 
50 31 16 54 46 13 
50 31 16 54 46 13 
50 31 54 16 46 13 
50 31 16 54 46 13 
50 31 16 54 46 13 
50 31 54 16 46 13 
50 31 16 54 46 13 
50 31 16 54 46 13 
50 31 16 54 46 13 
50 31 54 16 46 13 
50 31 16 54 46 13 
50 31 16 54 46 13 
50 31 16 54 46 13 
31 50 54 16 46 13 
31 16 50 54 46 13 
31 16 50 54 46 13 
31 16 50 54 46 13 
50 31 16 54 46 13 
50 31 16 54 46 13 
50 31 16 54 46 13 
50 31 54 16 46 13 
50 31 16 54 46 13 
50 31 16 54 46 13 
50 31 16 54 46 13 
50 31 54 16 46 13 
50 31 16 54 46 13 
50 31 16 54 46 13 
50 31 54 16 46 13 
50 31 16 54 46 13 
