42
54 31 50 46 16 13 
54 31 50 46 16 13 
31 54 50 46 13 16 
31 54 50 46 13 16 
31 54 50 46 16 13 
31 54 50 46 16 13 
31 54 50 46 16 13 
31 54 50 46 13 16 
31 54 50 46 13 16 
31 54 50 46 16 13 
31 54 50 46 16 13 
31 54 50 46 13 16 
31 54 50 46 13 16 
31 54 50 46 13 16 
31 54 50 46 16 13 
31 54 50 46 13 16 
31 54 50 46 13 16 
31 54 50 46 13 16 
31 50 54 46 16 13 
31 50 54 46 16 13 
54 31 50 46 13 16 
54 31 50 46 13 16 
54 31 50 46 16 13 
54 31 50 46 16 13 
31 54 50 46 13 16 
31 54 50 46 13 16 
31 54 50 46 16 13 
31 54 50 46 16 13 
31 54 50 46 16 13 
31 54 50 46 13 16 
31 54 50 46 13 16 
31 54 50 46 16 13 
31 54 50 46 16 13 
31 54 50 46 13 16 
31 54 50 46 13 16 
31 54 50 46 13 16 
31 54 50 46 16 13 
31 54 50 46 13 16 
31 54 50 46 13 16 
31 54 50 46 13 16 
31 50 54 46 16 13 
31 50 54 46 16 13 
54 31 50 46 13 16 
54 31 50 46 13 16 
