43
54 31 46 13 50 16 
54 31 46 13 50 16 
54 31 46 13 50 16 
54 31 46 13 50 16 
54 31 46 50 13 16 
54 31 46 13 50 16 
54 31 46 13 50 16 
54 31 46 13 50 16 
54 31 46 13 50 16 
54 31 46 13 50 16 
54 31 46 13 50 16 
54 31 46 13 50 16 
31 54 46 13 50 16 
31 54 46 13 50 16 
31 54 46 50 13 16 
31 54 46 50 13 16 
54 31 46 13 50 16 
54 31 46 13 50 16 
54 31 46 50 13 16 
54 31 46 13 50 16 
54 31 46 13 50 16 
54 31 46 13 50 16 
54 31 46 50 13 16 
54 31 46 13 50 16 
54 31 46 13 50 16 
54 31 46 13 50 16 
54 31 46 50 13 16 
54 31 46 13 50 16 
54 31 46 13 50 16 
54 31 46 13 50 16 
54 31 46 13 50 16 
54 31 46 13 50 16 
54 31 46 13 50 16 
54 31 46 13 50 16 
31 54 46 13 50 16 
31 54 46 13 50 16 
31 54 46 50 13 16 
31 54 46 50 13 16 
54 31 46 13 50 16 
54 31 46 13 50 16 
54 31 46 50 13 16 
54 31 46 13 50 16 
54 31 46 13 50 16 
54 31 46 13 50 16 
