31
31 54 50 16 13 46 
31 54 50 16 13 46 
31 54 50 13 16 46 
31 54 50 13 16 46 
31 54 50 16 13 46 
31 54 50 16 13 46 
31 54 50 16 13 46 
31 54 50 13 16 46 
31 54 13 50 16 46 
31 54 16 13 50 46 
31 54 50 16 13 46 
31 54 50 13 16 46 
31 54 13 50 16 46 
31 54 50 13 16 46 
31 54 50 16 13 46 
31 54 50 13 16 46 
31 54 13 50 16 46 
31 54 50 13 16 46 
31 50 54 16 13 46 
31 50 54 16 13 46 
31 54 13 50 16 46 
31 54 50 13 16 46 
31 54 50 16 13 46 
31 54 50 16 13 46 
31 54 50 13 16 46 
31 54 50 13 16 46 
31 54 50 16 13 46 
31 54 50 16 13 46 
31 54 50 16 13 46 
31 54 50 13 16 46 
31 54 13 16 50 46 
31 54 16 13 50 46 
31 54 50 16 13 46 
31 54 50 13 16 46 
31 54 13 50 16 46 
31 54 50 13 16 46 
31 54 50 16 13 46 
31 54 50 13 16 46 
31 54 13 50 16 46 
31 54 50 13 16 46 
31 50 54 16 13 46 
31 50 54 16 13 46 
31 54 13 50 16 46 
31 54 50 13 16 46 
