10
31 54 13 16 46 50 
31 54 13 16 46 50 
31 13 54 16 46 50 
31 13 54 16 46 50 
31 13 54 16 46 50 
31 13 54 16 46 50 
31 13 54 16 46 50 
31 13 54 16 46 50 
31 54 13 16 46 50 
31 54 13 16 46 50 
31 54 13 16 46 50 
31 54 13 16 46 50 
31 13 54 16 46 50 
31 13 54 16 46 50 
31 13 54 16 46 50 
31 13 54 16 50 46 
13 31 54 16 46 50 
13 31 54 16 46 50 
13 31 54 16 46 50 
13 31 16 54 46 50 
31 54 13 16 46 50 
31 54 13 16 46 50 
31 54 13 16 46 50 
31 54 13 16 46 50 
31 13 54 16 46 50 
31 13 54 16 46 50 
31 13 54 16 46 50 
31 13 54 16 46 50 
31 13 54 16 46 50 
31 13 54 16 46 50 
31 54 13 16 46 50 
31 54 13 16 46 50 
31 54 13 16 46 50 
31 54 13 16 46 50 
31 13 54 16 46 50 
31 13 54 16 46 50 
31 13 54 16 46 50 
31 13 54 16 50 46 
13 31 54 16 46 50 
13 31 54 16 46 50 
13 31 54 16 46 50 
13 31 16 54 46 50 
31 54 13 16 46 50 
31 54 13 16 46 50 
