14
13 16 46 50 31 54 
13 16 46 50 31 54 
13 16 46 50 31 54 
13 16 46 50 31 54 
13 16 46 50 31 54 
13 16 46 50 31 54 
13 16 46 50 31 54 
13 16 46 50 31 54 
13 16 46 50 31 54 
13 16 46 50 31 54 
13 16 46 50 31 54 
13 16 46 50 31 54 
13 16 46 50 31 54 
13 16 46 50 31 54 
13 16 46 50 31 54 
13 16 46 50 31 54 
13 16 46 50 31 54 
13 16 46 50 31 54 
13 16 46 50 31 54 
13 16 46 50 31 54 
13 16 46 50 31 54 
13 16 46 31 50 54 
13 16 46 50 31 54 
13 16 46 50 31 54 
13 16 46 50 31 54 
13 16 46 50 31 54 
13 16 46 50 31 54 
13 16 46 50 31 54 
13 16 46 50 31 54 
13 16 46 50 31 54 
13 16 46 50 31 54 
13 16 46 50 31 54 
13 16 46 50 31 54 
13 16 46 50 31 54 
13 16 46 50 31 54 
13 16 46 50 31 54 
13 16 46 50 31 54 
13 16 46 50 31 54 
13 16 46 50 31 54 
13 16 46 50 31 54 
13 16 46 50 31 54 
13 16 46 50 31 54 
13 16 46 50 31 54 
13 16 46 31 50 54 
