20
31 54 13 16 50 46 
31 54 13 16 50 46 
31 54 13 16 50 46 
31 54 13 16 50 46 
31 54 13 16 50 46 
31 54 13 16 50 46 
31 13 16 54 50 46 
31 13 16 54 50 46 
31 54 13 16 50 46 
31 54 13 16 50 46 
31 54 13 16 50 46 
31 54 13 16 50 46 
31 54 13 16 50 46 
31 54 13 16 50 46 
31 54 13 16 50 46 
31 54 13 16 50 46 
31 13 16 54 50 46 
31 13 16 54 50 46 
31 13 16 50 54 46 
31 13 16 50 54 46 
31 54 13 16 50 46 
31 54 13 16 50 46 
31 54 13 16 50 46 
31 54 13 16 50 46 
31 54 13 16 50 46 
31 54 13 16 50 46 
31 54 13 16 50 46 
31 54 13 16 50 46 
31 13 16 54 50 46 
31 54 13 16 50 46 
31 54 13 16 50 46 
31 54 13 16 50 46 
31 54 13 16 50 46 
31 54 13 16 50 46 
31 54 13 16 50 46 
31 54 13 16 50 46 
31 54 13 16 50 46 
31 54 13 16 50 46 
31 13 16 54 50 46 
31 13 16 54 50 46 
31 13 16 50 54 46 
31 13 16 50 54 46 
31 54 13 16 50 46 
31 54 13 16 50 46 
