21
31 54 13 16 46 50 
31 54 13 16 46 50 
31 13 54 16 46 50 
31 13 54 16 46 50 
31 13 54 16 46 50 
31 13 54 16 46 50 
31 13 54 16 46 50 
31 13 54 16 46 50 
31 54 13 16 46 50 
31 54 13 16 46 50 
31 54 13 16 46 50 
31 54 13 16 46 50 
31 13 54 16 46 50 
31 13 54 16 46 50 
31 13 54 16 46 50 
31 13 54 16 46 50 
13 31 54 16 46 50 
13 31 54 16 46 50 
13 31 54 16 46 50 
13 31 54 16 46 50 
31 54 13 16 46 50 
31 54 13 16 46 50 
31 54 13 16 46 50 
31 54 13 16 46 50 
31 13 54 16 46 50 
31 13 54 16 46 50 
31 13 54 16 46 50 
31 13 54 16 46 50 
31 13 54 16 46 50 
31 54 13 16 46 50 
31 54 13 16 46 50 
31 54 13 16 46 50 
31 54 13 16 46 50 
31 54 13 16 46 50 
31 13 54 16 46 50 
31 13 54 16 46 50 
31 13 54 16 46 50 
31 13 54 16 46 50 
13 31 54 16 46 50 
13 31 54 16 46 50 
13 31 54 16 46 50 
13 31 54 16 46 50 
31 54 13 16 46 50 
31 54 13 16 46 50 
