66

0 1 0.013450
1 0 0.013450
0 10 0.013450
10 0 0.013450
0 11 0.012920
11 0 0.012920
1 2 0.013450
2 1 0.013450
1 12 0.009380
12 1 0.009380
2 3 0.013450
3 2 0.013450
3 4 0.013450
4 3 0.013450
4 5 0.013450
5 4 0.013450
4 15 0.012290
15 4 0.012290
5 6 0.013450
6 5 0.013450
5 16 0.013600
16 5 0.013600
6 7 0.013450
7 6 0.013450
6 17 0.011440
17 6 0.011440
7 8 0.013450
8 7 0.013450
8 9 0.013450
9 8 0.013450
9 10 0.013450
10 9 0.013450
9 20 0.010590
20 9 0.010590
10 21 0.013380
21 10 0.013380
11 12 0.013450
12 11 0.013450
11 21 0.013450
21 11 0.013450
11 22 0.013680
22 11 0.013680
12 13 0.013450
13 12 0.013450
12 23 0.010400
23 12 0.010400
13 14 0.013450
14 13 0.013450
14 15 0.013450
15 14 0.013450
15 16 0.013450
16 15 0.013450
15 26 0.013090
26 15 0.013090
16 17 0.013450
17 16 0.013450
16 27 0.014320
27 16 0.014320
17 18 0.013450
18 17 0.013450
17 28 0.012290
28 17 0.012290
18 19 0.013450
19 18 0.013450
19 20 0.013450
20 19 0.013450
20 21 0.013450
21 20 0.013450
20 31 0.011500
31 20 0.011500
21 32 0.014110
32 21 0.014110
22 23 0.013450
23 22 0.013450
22 32 0.013450
32 22 0.013450
22 33 0.012920
33 22 0.012920
23 24 0.013450
24 23 0.013450
23 34 0.009380
34 23 0.009380
24 25 0.013450
25 24 0.013450
25 26 0.013450
26 25 0.013450
26 27 0.013450
27 26 0.013450
26 37 0.012290
37 26 0.012290
27 28 0.013450
28 27 0.013450
27 38 0.013600
38 27 0.013600
28 29 0.013450
29 28 0.013450
28 39 0.011440
39 28 0.011440
29 30 0.013450
30 29 0.013450
30 31 0.013450
31 30 0.013450
31 32 0.013450
32 31 0.013450
31 42 0.010590
42 31 0.010590
32 43 0.013380
43 32 0.013380
33 34 0.013450
34 33 0.013450
33 43 0.013450
43 33 0.013450
33 44 0.013680
44 33 0.013680
34 35 0.013450
35 34 0.013450
34 45 0.010400
45 34 0.010400
35 36 0.013450
36 35 0.013450
36 37 0.013450
37 36 0.013450
37 38 0.013450
38 37 0.013450
37 48 0.013090
48 37 0.013090
38 39 0.013450
39 38 0.013450
38 49 0.014320
49 38 0.014320
39 40 0.013450
40 39 0.013450
39 50 0.012290
50 39 0.012290
40 41 0.013450
41 40 0.013450
41 42 0.013450
42 41 0.013450
42 43 0.013450
43 42 0.013450
42 53 0.011500
53 42 0.011500
43 54 0.014110
54 43 0.014110
44 45 0.013450
45 44 0.013450
44 54 0.013450
54 44 0.013450
44 55 0.012920
55 44 0.012920
45 46 0.013450
46 45 0.013450
45 56 0.009380
56 45 0.009380
46 47 0.013450
47 46 0.013450
47 48 0.013450
48 47 0.013450
48 49 0.013450
49 48 0.013450
48 59 0.012290
59 48 0.012290
49 50 0.013450
50 49 0.013450
49 60 0.013600
60 49 0.013600
50 51 0.013450
51 50 0.013450
50 61 0.011440
61 50 0.011440
51 52 0.013450
52 51 0.013450
52 53 0.013450
53 52 0.013450
53 54 0.013450
54 53 0.013450
53 64 0.010590
64 53 0.010590
54 65 0.013380
65 54 0.013380
55 56 0.013450
56 55 0.013450
55 65 0.013450
65 55 0.013450
56 57 0.013450
57 56 0.013450
57 58 0.013450
58 57 0.013450
58 59 0.013450
59 58 0.013450
59 60 0.013450
60 59 0.013450
60 61 0.013450
61 60 0.013450
61 62 0.013450
62 61 0.013450
62 63 0.013450
63 62 0.013450
63 64 0.013450
64 63 0.013450
64 65 0.013450
65 64 0.013450
