13
13 16 013014 014015 015016 
13 31 013012 012023 023022 022032 032031 
13 46 013024 024035 035046 
13 50 013014 014015 015026 026037 037048 048049 049050 
13 54 013012 012023 023034 034045 045044 044054 
16
16 13 016015 015014 014013 
16 31 016017 017018 018029 029030 030031 
16 46 016015 015026 026037 037048 048047 047046 
16 50 016015 015026 026037 037048 048049 049050 
16 54 016017 017018 018029 029040 040051 051052 052053 053054 
31
31 13 031032 032022 022023 023012 012013 
31 16 031030 030029 029018 018017 017016 
31 46 031032 032022 022023 023034 034045 045046 
31 50 031030 030029 029040 040051 051050 
31 54 031042 042053 053054 
46
46 13 046035 035024 024013 
46 16 046047 047048 048037 037026 026015 015016 
46 31 046045 045034 034023 023022 022032 032031 
46 50 046047 047048 048049 049050 
46 54 046045 045044 044054 
50
50 13 050049 049048 048037 037026 026015 015014 014013 
50 16 050049 049048 048037 037026 026015 015016 
50 31 050051 051040 040029 029030 030031 
50 46 050049 049048 048047 047046 
50 54 050051 051052 052053 053054 
54
54 13 054044 044045 045034 034023 023012 012013 
54 16 054053 053052 052051 051040 040029 029018 018017 017016 
54 31 054053 053042 042031 
54 46 054044 044045 045046 
54 50 054053 053052 052051 051050 
