13
13 16 013014 014015 015016 
13 16 013002 002003 003004 004005 005006 006017 017016 
13 31 013012 012011 011021 021020 020031 
13 31 013024 024023 023022 022032 032031 
13 46 013024 024035 035046 
13 46 013014 014025 025036 036047 047046 
13 50 013014 014015 015016 016017 017028 028039 039050 
13 50 013024 024025 025036 036047 047048 048049 049050 
13 54 013012 012011 011021 021020 020031 031042 042053 053054 
13 54 013024 024023 023034 034045 045044 044054 
16
16 13 016015 015014 014013 
16 13 016017 017006 006005 005004 004003 003002 002013 
16 31 016017 017028 028029 029030 030031 
16 31 016015 015014 014013 013012 012011 011021 021020 020031 
16 46 016015 015014 014025 025036 036035 035046 
16 46 016017 017028 028039 039050 050049 049048 048047 047046 
16 50 016017 017028 028039 039050 
16 50 016015 015014 014025 025036 036047 047048 048049 049050 
16 54 016017 017018 018019 019020 020031 031042 042053 053054 
16 54 016015 015014 014025 025036 036047 047046 046045 045044 044054 
31
31 13 031020 020021 021011 011012 012013 
31 13 031032 032022 022023 023024 024013 
31 16 031020 020021 021011 011012 012013 013014 014015 015016 
31 16 031030 030029 029028 028017 017016 
31 46 031042 042053 053054 054044 044045 045046 
31 46 031032 032022 022023 023034 034035 035046 
31 50 031042 042053 053052 052051 051050 
31 50 031030 030029 029028 028039 039050 
31 54 031042 042053 053054 
31 54 031032 032022 022023 023034 034045 045044 044054 
46
46 13 046035 035024 024013 
46 13 046047 047036 036025 025014 014013 
46 16 046047 047048 048049 049050 050039 039028 028017 017016 
46 16 046035 035036 036025 025014 014015 015016 
46 31 046045 045044 044054 054053 053042 042031 
46 31 046035 035034 034023 023022 022032 032031 
46 50 046047 047048 048049 049050 
46 50 046057 057058 058059 059060 060061 061050 
46 54 046045 045044 044054 
46 54 046057 057056 056055 055065 065064 064053 053054 
50
50 13 050039 039028 028017 017016 016015 015014 014013 
50 13 050049 049048 048047 047036 036025 025024 024013 
50 16 050039 039028 028017 017016 
50 16 050049 049048 048047 047036 036025 025014 014015 015016 
50 31 050051 051052 052053 053042 042031 
50 31 050039 039028 028029 029030 030031 
50 46 050049 049048 048047 047046 
50 46 050061 061060 060059 059058 058057 057046 
50 54 050051 051052 052053 053054 
50 54 050049 049048 048047 047046 046045 045044 044054 
54
54 13 054044 044045 045034 034023 023024 024013 
54 13 054053 053042 042031 031020 020021 021011 011012 012013 
54 16 054053 053042 042031 031020 020019 019018 018017 017016 
54 16 054044 044045 045046 046047 047036 036025 025014 014015 015016 
54 31 054053 053042 042031 
54 31 054044 044045 045034 034023 023022 022032 032031 
54 46 054044 044045 045046 
54 46 054053 053064 064065 065055 055056 056057 057046 
54 50 054053 053052 052051 051050 
54 50 054044 044045 045046 046047 047048 048049 049050 
