13
13 16 013014 014015 015016 
13 16 013012 012001 001002 002003 003004 004005 005016 
13 31 013012 012023 023022 022032 032031 
13 31 013014 014015 015016 016017 017018 018029 029030 030031 
13 46 013012 012023 023034 034045 045046 
13 46 013014 014015 015026 026037 037048 048047 047046 
13 50 013014 014015 015026 026037 037048 048049 049050 
13 50 013012 012023 023034 034035 035036 036037 037038 038039 039050 
13 54 013012 012023 023034 034033 033043 043054 
13 54 013014 014015 015026 026037 037048 048047 047046 046045 045044 044054 
16
16 13 016015 015014 014013 
16 13 016005 005004 004003 003002 002001 001012 012013 
16 31 016017 017018 018019 019020 020021 021032 032031 
16 31 016027 027028 028029 029030 030031 
16 46 016015 015026 026037 037048 048047 047046 
16 46 016027 027026 026025 025024 024023 023034 034045 045046 
16 50 016017 017028 028039 039050 
16 50 016027 027038 038049 049050 
16 54 016017 017018 018029 029040 040051 051052 052053 053054 
16 54 016027 027028 028029 029030 030031 031032 032043 043054 
31
31 13 031032 032022 022023 023012 012013 
31 13 031030 030029 029018 018017 017016 016015 015014 014013 
31 16 031030 030029 029028 028027 027016 
31 16 031032 032021 021020 020019 019018 018017 017016 
31 46 031032 032022 022023 023034 034045 045046 
31 46 031030 030029 029040 040051 051050 050049 049048 048047 047046 
31 50 031030 030029 029040 040051 051050 
31 50 031032 032043 043042 042041 041040 040039 039050 
31 54 031032 032043 043054 
31 54 031030 030029 029040 040051 051052 052053 053054 
46
46 13 046045 045034 034023 023012 012013 
46 13 046047 047048 048037 037026 026015 015014 014013 
46 16 046047 047048 048037 037026 026015 015016 
46 16 046045 045034 034023 023024 024025 025026 026027 027016 
46 31 046045 045034 034023 023022 022032 032031 
46 31 046047 047048 048049 049050 050051 051040 040029 029030 030031 
46 50 046047 047048 048049 049050 
46 50 046045 045044 044054 054053 053052 052051 051050 
46 54 046045 045044 044054 
46 54 046047 047048 048049 049050 050051 051052 052053 053054 
50
50 13 050049 049048 048037 037026 026015 015014 014013 
50 13 050039 039038 038037 037036 036035 035034 034023 023012 012013 
50 16 050039 039028 028017 017016 
50 16 050049 049038 038027 027016 
50 31 050051 051040 040029 029030 030031 
50 31 050039 039040 040041 041042 042043 043032 032031 
50 46 050049 049048 048047 047046 
50 46 050051 051052 052053 053054 054044 044045 045046 
50 54 050051 051052 052053 053054 
50 54 050061 061062 062063 063064 064065 065054 
54
54 13 054044 044045 045046 046047 047048 048037 037026 026015 015014 014013 
54 13 054043 043033 033034 034023 023012 012013 
54 16 054053 053052 052051 051040 040029 029018 018017 017016 
54 16 054043 043032 032031 031030 030029 029028 028027 027016 
54 31 054043 043032 032031 
54 31 054053 053052 052051 051040 040029 029030 030031 
54 46 054044 044045 045046 
54 46 054053 053052 052051 051050 050049 049048 048047 047046 
54 50 054053 053052 052051 051050 
54 50 054065 065064 064063 063062 062061 061050 
