13
13 16 013014 014015 015016 
13 16 013002 002003 003004 004005 005016 
13 31 013024 024025 025026 026027 027028 028029 029030 030031 
13 31 013012 012011 011021 021032 032031 
13 46 013024 024035 035046 
13 46 013012 012023 023034 034045 045046 
13 50 013024 024035 035046 046047 047048 048049 049050 
13 50 013014 014015 015016 016027 027038 038039 039050 
13 54 013024 024035 035046 046045 045044 044054 
13 54 013012 012011 011021 021032 032043 043054 
16
16 13 016015 015014 014013 
16 13 016005 005004 004003 003002 002013 
16 31 016017 017018 018019 019020 020021 021032 032031 
16 31 016027 027028 028029 029030 030031 
16 46 016015 015014 014013 013024 024035 035046 
16 46 016027 027038 038049 049048 048047 047046 
16 50 016027 027038 038049 049050 
16 50 016017 017028 028039 039050 
16 54 016017 017018 018019 019020 020021 021032 032043 043054 
16 54 016027 027028 028029 029040 040051 051052 052053 053054 
31
31 13 031032 032021 021011 011012 012013 
31 13 031030 030029 029028 028027 027026 026025 025024 024013 
31 16 031030 030029 029028 028027 027016 
31 16 031032 032021 021020 020019 019018 018017 017016 
31 46 031032 032043 043054 054044 044045 045046 
31 46 031030 030029 029028 028027 027026 026025 025024 024035 035046 
31 50 031030 030029 029040 040039 039050 
31 50 031032 032043 043054 054053 053052 052051 051050 
31 54 031032 032043 043054 
31 54 031030 030029 029040 040051 051052 052053 053054 
46
46 13 046035 035024 024013 
46 13 046045 045034 034023 023012 012013 
46 16 046035 035024 024013 013014 014015 015016 
46 16 046047 047048 048049 049038 038027 027016 
46 31 046035 035024 024025 025026 026027 027028 028029 029030 030031 
46 31 046045 045044 044054 054043 043032 032031 
46 50 046047 047048 048049 049050 
46 50 046057 057058 058059 059060 060061 061050 
46 54 046045 045044 044054 
46 54 046057 057056 056055 055065 065054 
50
50 13 050049 049048 048047 047046 046035 035024 024013 
50 13 050039 039038 038027 027016 016015 015014 014013 
50 16 050049 049038 038027 027016 
50 16 050039 039028 028017 017016 
50 31 050051 051052 052053 053054 054043 043032 032031 
50 31 050039 039040 040029 029030 030031 
50 46 050049 049048 048047 047046 
50 46 050061 061060 060059 059058 058057 057046 
50 54 050051 051052 052053 053054 
50 54 050061 061062 062063 063064 064065 065054 
54
54 13 054044 044045 045046 046035 035024 024013 
54 13 054043 043032 032021 021011 011012 012013 
54 16 054043 043032 032021 021020 020019 019018 018017 017016 
54 16 054053 053052 052051 051040 040029 029028 028027 027016 
54 31 054043 043032 032031 
54 31 054053 053052 052051 051040 040029 029030 030031 
54 46 054044 044045 045046 
54 46 054065 065055 055056 056057 057046 
54 50 054053 053052 052051 051050 
54 50 054065 065064 064063 063062 062061 061050 
